inputs/dem.asc
ncols         404
nrows         404
xllcorner     4681261
yllcorner     2523693
cellsize      1
NODATA_value  -9999
[rows 220 to 274 of 404, columns 0 to 95 of 404]
36 36 36 37 38 41 44 51 62 69 69 69 69 69 69 69 69 69 70 70 70 70 71 72 72 73 74 74 74 75 76 76 76 77 78 78 78 79 79 79 79 79 79 79 79 79 80 80 80 80 80 80 80 80 81 81 81 81 81 81 81 81 81 81 81 81 81 81 80 80 80 80 80 80 80 79 79 79 78 78 78 78 77 77 76 76 75 75 75 74 74 73 73 73 72 72
36 36 36 37 38 40 44 50 61 68 68 68 68 68 68 68 68 68 69 69 69 69 71 71 72 72 73 73 74 74 75 75 76 76 77 77 77 78 78 78 78 78 78 78 79 79 79 79 79 79 79 79 79 80 80 80 80 80 80 80 80 80 80 80 80 80 80 80 80 80 80 80 80 80 80 79 79 79 78 78 78 78 77 77 77 76 76 75 75 75 74 74 73 73 72 72
36 36 36 37 38 40 44 50 61 68 68 67 67 67 67 68 68 68 68 68 69 69 70 71 71 72 73 73 73 74 75 75 75 76 76 77 77 77 77 77 78 78 78 78 78 78 78 78 79 79 79 79 79 79 79 80 80 80 80 80 80 80 80 80 80 80 80 80 80 80 80 80 80 80 80 79 79 79 78 78 78 78 77 77 77 76 76 75 75 75 74 74 73 73 72 72
36 36 36 37 38 40 43 49 60 67 67 67 67 67 67 67 67 67 68 68 68 69 70 71 71 71 72 73 73 73 74 75 75 75 76 76 76 77 77 77 77 77 77 78 78 78 78 78 78 78 78 79 79 79 79 79 79 80 80 80 80 80 80 80 80 80 80 80 80 80 80 80 80 80 80 80 79 79 79 78 78 78 77 77 77 77 76 76 75 75 74 74 74 73 73 72
36 36 36 37 38 40 43 49 60 67 67 67 66 66 66 66 67 67 68 68 68 69 70 70 71 71 72 72 73 73 74 74 75 75 75 76 76 76 76 77 77 77 77 77 77 77 78 78 78 78 78 78 78 78 79 79 79 79 79 80 80 80 80 80 80 80 80 80 80 80 80 80 80 80 80 80 79 79 79 78 78 78 77 77 77 77 76 76 75 75 74 74 74 73 73 72
36 36 36 37 38 40 43 49 59 66 66 66 66 66 66 66 66 66 67 68 68 68 69 70 70 71 71 72 72 72 73 73 74 74 75 75 75 75 76 76 76 76 76 76 76 77 77 77 77 77 77 77 77 78 78 78 78 79 79 79 79 79 80 80 80 80 80 80 80 80 80 80 80 80 80 79 79 79 79 78 78 78 78 77 77 77 76 76 76 75 75 74 74 74 73 73
36 36 36 37 38 40 43 48 59 66 66 66 66 66 65 66 66 66 67 67 68 68 69 69 70 70 71 71 72 72 73 73 73 74 74 74 75 75 75 75 76 76 76 76 76 76 76 76 76 76 77 77 77 77 77 78 78 78 79 79 79 79 79 80 80 80 80 80 80 80 80 80 80 80 80 79 79 79 79 78 78 78 78 77 77 77 76 76 76 75 75 74 74 74 73 73
36 36 36 37 38 40 43 48 59 65 65 65 65 65 65 65 66 66 67 67 68 68 69 69 70 70 71 71 71 72 72 73 73 73 74 74 74 75 75 75 75 75 75 76 76 76 76 76 76 76 76 76 76 77 77 77 78 78 78 78 79 79 79 79 80 80 80 80 80 80 80 80 80 80 80 79 79 79 79 78 78 78 78 77 77 77 76 76 76 75 75 74 74 74 73 73
36 36 36 37 38 39 42 48 58 65 65 65 65 65 65 65 65 66 67 67 67 68 68 69 69 70 70 71 71 71 72 72 73 73 73 74 74 74 75 75 75 75 75 75 75 75 75 75 75 76 76 76 76 76 77 77 77 77 78 78 78 79 79 79 79 80 80 80 80 80 80 80 80 80 80 79 79 79 79 79 78 78 78 77 77 77 76 76 76 75 75 75 74 74 73 73
36 36 36 37 38 39 42 48 58 64 64 64 64 65 65 65 65 65 66 66 67 67 68 68 69 69 70 70 71 71 71 72 72 72 73 73 73 73 74 74 74 74 74 74 74 75 74 74 74 74 75 75 75 75 76 76 76 77 77 78 78 78 79 79 79 79 80 80 80 80 80 80 80 80 80 79 79 79 79 79 78 78 78 77 77 77 77 76 76 76 75 75 74 74 74 73
36 36 37 37 38 39 42 48 57 64 64 64 64 64 65 65 65 65 66 66 66 67 68 68 68 69 70 70 70 70 71 71 72 72 72 73 73 73 73 74 74 74 74 74 74 74 74 74 74 74 74 74 75 75 75 76 76 77 77 78 78 78 79 79 79 79 80 80 80 80 80 80 80 80 79 79 79 79 79 79 78 78 78 77 77 77 77 76 76 76 75 75 74 74 74 74
36 36 37 37 38 39 42 47 57 63 63 64 64 64 64 64 65 65 66 66 66 67 67 68 68 68 69 69 70 70 71 71 71 72 72 72 73 73 73 73 73 74 74 74 74 74 74 74 74 74 74 74 74 74 75 75 76 76 77 77 78 78 79 79 79 79 80 80 80 80 80 80 80 80 79 79 79 79 79 79 78 78 78 77 77 77 77 76 76 76 75 75 75 74 74 74
36 36 37 37 38 39 42 47 57 63 63 63 63 63 64 64 64 65 65 66 66 66 67 67 68 68 69 69 69 70 70 71 71 71 72 72 72 72 73 73 73 73 73 73 74 74 73 73 73 74 74 74 74 74 75 75 76 76 77 77 78 78 78 79 79 79 80 80 80 80 80 80 80 80 79 79 79 79 79 79 78 78 78 78 77 77 77 76 76 76 75 75 75 74 74 74
36 36 37 37 38 39 42 47 56 62 62 62 62 63 63 63 64 64 65 65 65 66 66 67 67 67 68 68 69 69 70 70 70 71 71 71 72 72 72 72 72 73 73 73 73 73 73 73 73 73 73 74 74 74 75 75 76 76 77 77 77 78 78 79 79 79 79 80 80 80 80 80 79 79 79 79 79 79 79 78 78 78 78 78 77 77 76 76 76 76 75 75 75 74 74 74
36 36 37 37 38 39 42 47 56 61 62 62 62 62 63 63 63 64 64 65 65 65 66 66 67 67 68 68 68 69 69 70 70 70 71 71 71 71 72 72 72 72 73 73 73 73 73 73 73 73 73 74 74 74 75 75 76 76 77 77 77 78 78 78 79 79 79 79 80 80 80 80 79 79 79 79 79 79 79 78 78 78 78 78 77 77 76 76 76 76 75 75 74 74 74 74
36 36 37 37 38 39 42 46 55 61 61 61 61 62 62 63 63 63 64 64 65 65 66 66 66 67 67 68 68 68 69 69 70 70 70 71 71 71 72 72 72 72 72 72 73 73 73 73 73 73 73 74 74 74 75 75 76 76 77 77 77 78 78 78 79 79 79 79 79 80 79 79 79 79 79 79 79 79 79 78 78 78 78 78 77 77 76 76 76 75 75 75 74 74 74 74
36 36 37 37 38 39 42 46 55 60 61 61 61 61 62 62 63 63 64 64 64 65 65 66 66 66 67 67 68 68 69 69 69 70 70 70 71 71 71 71 72 72 72 72 72 72 73 73 73 73 73 74 74 74 75 75 76 76 77 77 77 77 78 78 79 79 79 79 79 79 79 79 79 79 79 79 79 79 78 78 78 78 78 78 77 77 76 76 76 75 75 75 74 74 74 74
36 36 37 37 38 39 41 46 54 59 60 60 60 61 61 62 62 62 63 63 64 64 65 65 65 66 66 67 67 67 68 68 69 69 69 70 70 70 71 71 71 71 72 72 72 72 73 73 73 73 73 74 74 74 75 75 76 76 77 77 77 77 78 78 78 79 79 79 79 79 79 79 79 79 79 79 79 79 78 78 78 78 78 77 77 77 76 76 76 75 75 74 74 74 73 73
36 37 37 37 38 39 41 46 53 59 59 60 60 60 61 61 62 62 63 63 63 64 64 65 65 65 66 66 67 67 68 68 68 68 69 69 70 70 70 71 71 71 71 72 72 72 72 73 73 73 74 74 74 74 75 75 76 76 76 77 77 77 78 78 78 79 79 79 79 79 79 79 79 79 79 79 79 79 78 78 78 78 78 77 77 77 76 76 75 75 74 74 74 74 73 73
36 37 37 37 38 39 41 45 51 57 59 59 59 60 61 61 61 62 62 63 63 63 64 64 65 65 66 66 66 67 67 67 68 68 69 69 69 70 70 70 71 71 71 71 72 72 72 73 73 73 74 74 74 74 75 75 76 76 76 77 77 77 78 78 78 79 79 79 79 79 79 79 79 79 79 79 79 78 78 78 78 78 78 77 77 77 76 76 75 75 74 74 74 73 73 73
37 37 37 37 38 39 41 45 49 55 59 59 59 59 60 61 61 61 62 62 63 63 64 64 64 65 65 66 66 66 67 67 67 68 68 69 69 69 70 70 70 70 71 71 71 72 72 72 73 73 74 74 74 74 75 75 76 76 76 77 77 77 78 78 78 78 79 79 79 79 79 79 79 79 79 79 79 78 78 78 78 78 77 77 77 77 76 75 75 75 74 74 74 73 73 73
37 37 37 37 38 39 41 44 48 54 58 58 58 59 59 60 60 60 61 61 62 62 63 63 64 64 65 65 65 65 66 66 67 67 67 68 68 68 69 69 70 70 70 71 71 71 72 72 73 73 74 74 74 74 75 75 75 76 76 77 77 77 78 78 78 78 79 79 79 79 79 79 79 79 79 78 78 78 78 78 78 77 77 77 76 76 75 75 75 74 74 73 73 73 72 72
37 37 37 37 38 39 41 43 48 54 57 58 58 58 59 59 60 60 61 61 61 62 63 63 63 64 64 65 65 65 66 66 66 66 67 67 68 68 69 69 69 69 70 70 71 71 72 72 73 73 74 74 74 74 75 75 75 76 76 77 77 77 78 78 78 78 78 79 79 79 79 79 79 79 78 78 78 78 78 78 78 77 77 76 76 76 75 75 74 74 73 73 73 73 72 72
37 37 37 37 38 39 40 43 47 53 57 57 58 58 58 59 59 60 60 61 61 61 62 63 63 63 64 64 65 65 65 66 66 66 67 67 67 68 68 69 69 69 70 70 70 71 72 72 73 73 74 74 74 74 75 75 75 76 76 77 77 77 77 78 78 78 78 79 79 79 79 79 79 78 78 78 78 78 78 78 77 77 77 76 76 76 75 74 74 74 73 73 73 72 72 71
37 37 37 37 38 39 40 43 46 53 56 57 57 57 58 58 59 59 60 60 61 61 62 62 63 63 64 64 64 65 65 65 66 66 66 67 67 67 68 68 68 69 69 70 70 71 71 72 72 73 73 74 74 74 75 75 75 75 76 76 77 77 77 78 78 78 78 79 79 79 79 79 78 78 78 78 78 78 78 77 77 77 76 76 76 75 75 74 74 74 73 73 72 72 71 71
37 37 37 37 38 38 40 42 46 52 56 56 56 57 57 58 58 58 59 60 60 61 61 62 62 62 63 63 64 64 64 65 65 65 66 66 66 66 67 67 68 68 69 69 69 70 71 71 72 72 73 73 73 74 74 74 75 75 76 76 76 77 77 77 78 78 78 78 78 78 78 78 78 78 78 78 78 78 77 77 77 76 76 75 75 75 74 74 73 73 72 72 72 71 71 71
37 37 37 37 37 38 40 42 46 52 55 56 56 56 57 57 58 58 59 59 60 60 61 61 62 62 63 63 63 64 64 64 64 65 65 65 66 66 67 67 67 68 68 69 69 70 70 71 71 72 72 73 73 73 74 74 75 75 76 76 76 76 77 77 77 78 78 78 78 78 78 78 78 78 78 78 78 77 77 77 76 76 75 75 75 74 74 73 73 73 72 72 71 71 71 70
37 37 37 37 37 38 40 42 45 51 55 56 56 56 57 57 57 58 59 59 60 60 61 61 61 62 62 63 63 63 64 64 64 64 65 65 65 65 66 66 67 67 68 68 69 69 70 70 71 71 72 72 73 73 74 74 74 75 75 76 76 76 77 77 77 78 78 78 78 78 78 78 78 78 78 77 77 77 76 76 76 76 75 75 74 74 73 73 73 72 72 71 71 71 70 70
37 37 37 37 37 38 39 41 45 51 55 55 56 56 56 57 57 58 59 59 59 60 60 61 61 61 62 62 63 63 63 64 64 64 64 64 65 65 66 66 66 67 67 68 68 69 70 70 70 71 72 72 72 73 74 74 74 75 75 75 76 76 77 77 77 77 78 78 78 78 78 78 78 78 77 77 77 77 76 76 76 75 75 74 74 74 73 73 72 72 71 71 71 71 70 70
37 37 37 37 37 38 39 41 45 51 55 55 56 56 56 57 57 57 58 58 59 59 60 60 60 61 61 62 62 62 63 63 63 63 63 63 64 64 65 65 65 66 66 67 67 68 69 69 70 70 71 71 72 72 73 73 74 74 75 75 75 76 76 76 77 77 77 78 78 78 78 78 78 77 77 77 77 76 76 75 75 75 74 74 73 73 72 72 72 71 71 71 70 70 69 69
37 37 37 37 37 38 39 41 44 51 55 55 56 56 56 57 57 57 58 58 59 59 59 60 60 60 61 61 61 62 62 62 62 63 63 63 63 63 64 64 65 65 66 66 67 67 68 69 69 70 71 71 72 72 73 73 74 74 75 75 75 75 76 76 76 77 77 77 78 78 78 78 77 77 77 77 76 76 75 75 75 75 74 73 73 73 72 72 71 71 70 70 70 70 69 69
37 37 37 37 37 38 39 41 44 51 55 55 56 56 56 57 57 57 58 58 58 59 59 59 60 60 61 61 61 61 62 62 62 62 62 62 62 63 63 64 64 65 65 66 66 67 68 68 69 69 70 71 71 72 73 73 73 74 75 75 75 75 76 76 76 76 77 77 77 78 78 77 77 77 77 76 76 76 75 75 75 74 74 73 73 72 71 71 71 71 70 70 70 69 69 68
37 37 37 37 37 38 39 41 44 51 55 55 55 56 56 56 57 57 58 58 58 58 59 59 59 60 60 60 61 61 61 61 62 62 62 62 62 62 63 63 63 64 65 65 66 66 67 68 69 69 70 71 71 71 72 73 73 74 74 75 75 75 76 76 76 76 77 77 77 77 77 77 77 77 76 76 76 76 75 75 74 74 73 73 72 72 71 71 71 70 70 70 69 69 68 68
37 37 37 37 37 38 39 41 44 51 55 55 55 56 56 56 56 57 57 57 58 58 58 58 59 59 59 60 60 60 60 61 61 61 61 61 61 61 62 62 62 63 64 65 65 65 67 67 68 68 69 70 70 71 72 72 73 73 74 74 75 75 75 75 76 76 76 76 77 77 77 77 77 77 76 76 76 75 75 74 74 73 73 72 72 71 70 70 70 70 69 69 69 68 68 67
37 37 37 37 37 38 39 41 44 51 55 55 55 55 56 56 56 56 57 57 57 57 58 58 58 59 59 59 59 60 60 60 60 61 61 61 61 61 61 62 62 62 64 64 65 65 66 67 67 68 69 70 70 71 71 72 72 73 74 74 74 75 75 75 75 76 76 76 76 77 77 77 76 76 76 76 75 75 74 74 74 73 72 72 71 71 70 70 70 69 69 69 68 68 67 67
37 37 37 37 37 38 39 41 44 51 55 55 55 55 56 56 56 56 57 57 57 57 58 58 58 58 59 59 59 59 60 60 60 60 60 61 61 61 61 61 62 62 63 64 64 65 66 67 67 68 69 69 70 70 71 72 72 72 73 74 74 75 75 75 75 75 76 76 76 76 76 76 76 76 76 75 75 75 74 74 73 73 72 71 71 71 70 70 69 69 69 68 68 68 67 67
37 37 37 37 37 38 39 41 44 50 55 55 55 55 56 56 56 56 56 57 57 57 57 57 58 58 58 58 58 59 59 59 60 60 60 60 60 61 61 61 61 62 63 64 64 64 66 66 67 68 69 69 70 70 71 71 72 72 73 74 74 74 75 75 75 75 76 76 76 76 76 76 76 75 75 75 75 74 74 73 73 72 72 71 71 70 70 69 69 69 68 68 68 68 67 67
37 37 37 37 37 38 39 40 44 50 54 55 55 55 55 55 56 56 56 56 56 56 57 57 57 57 57 57 58 58 58 58 59 59 60 60 60 60 61 61 61 62 63 63 64 64 65 66 66 67 68 69 69 70 71 71 71 72 72 73 73 74 74 74 74 75 75 75 75 75 75 75 75 75 74 74 74 73 73 72 72 72 71 70 70 70 69 69 69 68 68 68 67 67 66 66
37 37 37 37 37 38 39 40 44 50 54 54 55 55 55 55 55 56 56 56 56 56 56 56 56 56 57 57 57 57 58 58 58 58 59 60 60 60 61 61 61 62 63 63 63 64 65 66 66 67 68 68 69 69 70 71 71 71 72 73 73 73 74 74 74 74 75 75 75 75 75 75 74 74 74 74 73 73 72 72 72 71 71 70 70 70 69 69 68 68 67 67 67 67 66 66
37 37 37 37 37 38 39 40 44 50 54 54 54 55 55 55 55 55 56 56 56 56 56 56 56 56 56 56 57 57 57 57 58 58 59 59 60 60 61 61 62 62 63 63 63 64 65 66 66 67 68 68 69 69 70 70 71 71 72 72 72 73 73 73 74 74 74 74 74 74 74 74 74 74 73 73 73 73 72 72 71 71 70 70 70 69 69 68 68 68 67 67 67 66 66 65
37 37 37 37 37 38 39 40 44 50 54 54 54 54 55 55 55 55 55 55 55 55 56 56 56 56 56 56 56 56 57 57 57 58 59 59 60 60 61 61 62 62 63 63 63 64 65 65 66 66 67 68 68 69 70 70 71 71 72 72 72 72 73 73 73 73 74 74 74 74 74 74 73 73 73 73 73 72 72 71 71 71 70 70 69 69 68 68 68 67 67 67 66 66 65 65
37 37 37 37 37 38 39 40 43 50 54 54 54 54 54 55 55 55 55 55 55 55 55 55 55 55 56 56 56 56 56 56 57 58 59 59 60 60 61 61 62 62 63 63 63 64 65 65 66 66 67 68 68 69 69 70 70 70 71 71 71 72 72 72 72 73 73 73 73 73 73 73 73 73 72 72 72 72 71 71 70 70 69 69 69 68 68 67 67 67 66 66 66 65 65 64
37 37 37 37 37 38 39 40 43 49 53 54 54 54 54 54 54 55 55 55 55 55 55 55 55 55 55 56 56 56 56 56 57 57 59 59 60 60 61 61 62 62 63 63 63 64 65 65 66 66 67 67 68 68 69 69 70 70 71 71 71 71 72 72 72 72 72 72 72 72 72 72 72 72 72 72 72 72 71 70 70 70 69 69 68 68 67 67 67 66 66 66 65 65 64 64
37 37 37 37 37 38 39 40 43 47 51 53 54 54 54 54 54 54 55 55 55 55 55 55 55 55 55 56 56 56 56 56 57 57 59 59 60 60 61 62 62 62 63 63 64 64 65 65 66 66 67 67 68 68 69 69 70 70 70 71 71 71 71 72 72 72 72 72 72 72 72 72 72 72 72 71 71 71 70 70 70 69 69 68 68 68 67 67 66 66 66 65 65 65 64 64
37 37 37 37 37 38 39 40 43 46 51 53 53 54 54 54 54 54 54 54 54 55 55 55 55 55 55 55 56 56 56 56 57 57 59 59 60 60 61 62 62 62 63 63 64 64 65 65 66 66 67 67 68 68 69 69 69 70 70 70 71 71 71 71 71 71 72 72 72 72 71 71 71 71 71 71 71 71 70 70 69 69 68 68 68 67 67 66 66 66 65 65 65 64 63 63
37 37 37 37 37 38 38 40 42 45 50 53 53 53 54 54 54 54 54 54 54 54 55 55 55 55 55 55 56 56 56 56 57 58 59 60 60 61 61 62 62 63 63 64 64 64 65 65 66 66 67 67 67 68 68 69 69 69 70 70 70 70 70 71 71 71 71 71 71 71 70 70 70 70 70 70 70 70 69 69 69 68 68 67 67 67 66 66 65 65 64 64 64 63 63 62
37 37 37 37 37 38 38 40 42 45 50 52 53 53 53 54 54 54 54 54 54 54 55 55 55 55 55 56 56 56 56 56 57 58 59 60 60 61 62 62 62 63 63 64 64 64 65 65 66 66 67 67 67 68 68 69 69 69 70 70 70 70 70 70 70 70 70 70 70 70 70 70 70 69 69 69 69 69 69 68 68 68 67 67 67 66 66 65 65 65 64 64 63 63 62 62
37 37 37 37 37 38 38 40 41 44 49 52 52 53 53 53 54 54 54 54 54 54 55 55 55 55 55 56 56 56 56 57 57 58 59 60 60 61 62 62 63 63 64 64 64 64 65 65 66 66 67 67 67 68 68 69 69 69 69 70 70 70 70 70 70 70 70 70 70 70 70 69 69 69 69 69 69 69 68 68 68 67 67 67 66 66 65 65 65 64 64 63 63 63 62 62
37 37 37 37 37 38 38 39 41 44 49 52 52 52 53 53 54 54 54 54 54 54 55 55 55 55 55 56 56 56 56 57 58 58 60 60 61 61 62 62 63 63 64 64 64 65 65 65 66 66 67 67 67 68 68 68 69 69 69 69 69 70 70 70 70 70 70 70 70 69 69 69 69 69 68 68 68 68 68 68 67 67 66 66 66 66 65 65 64 64 63 63 63 62 62 61
37 37 37 37 37 38 38 39 41 44 49 52 52 52 53 53 53 54 54 54 54 54 55 55 55 55 56 56 56 56 57 58 58 59 60 61 61 62 63 63 63 63 64 64 65 65 65 66 66 66 67 67 67 68 68 68 68 69 69 69 69 69 69 69 69 69 69 69 69 69 68 68 68 68 68 68 68 67 67 67 67 66 66 65 65 65 64 64 63 63 63 62 62 62 61 60
37 37 37 37 37 38 38 39 41 44 49 52 52 52 53 53 54 54 54 54 55 55 55 55 55 55 56 56 56 56 57 58 59 59 60 61 62 62 63 63 63 64 64 64 65 65 66 66 66 66 67 67 67 68 68 68 68 69 69 69 69 69 69 69 69 69 69 69 68 68 68 68 68 67 67 67 67 67 67 66 66 66 65 65 65 64 64 63 63 63 62 62 62 61 61 60
37 37 37 37 37 38 38 39 41 43 49 52 52 52 53 53 54 54 54 55 55 55 55 55 55 55 56 56 56 57 58 59 59 60 61 61 62 62 63 63 64 64 64 65 65 65 66 66 66 66 67 67 67 68 68 68 68 68 69 69 69 69 69 69 69 69 68 68 68 68 68 68 67 67 67 67 67 67 66 66 66 66 65 65 64 64 63 63 63 62 62 62 61 61 60 60
37 37 37 37 37 38 38 39 41 43 49 52 52 52 53 53 54 54 54 55 55 55 55 56 56 56 56 57 57 57 58 59 59 60 61 62 62 62 63 63 64 64 65 65 65 65 66 66 66 67 67 67 67 68 68 68 68 68 69 69 69 69 69 68 68 68 68 68 68 68 67 67 67 67 67 67 67 66 66 66 66 65 65 64 64 64 63 63 62 62 62 61 61 61 60 59
37 37 37 37 37 37 38 39 40 43 49 52 52 52 53 53 54 54 55 55 55 56 56 56 57 57 57 58 58 59 59 60 60 61 62 62 62 63 63 64 64 64 65 65 65 66 66 66 66 67 67 67 67 68 68 68 68 68 68 68 68 68 68 68 68 68 67 67 67 67 67 67 67 66 66 66 66 66 66 65 65 65 64 64 64 63 63 62 62 62 61 61 61 60 59 59
37 37 37 37 37 37 38 39 40 43 48 52 52 52 53 54 54 54 55 55 55 56 56 57 57 57 58 58 59 59 60 60 61 61 62 62 63 63 64 64 64 65 65 65 66 66 66 66 67 67 67 67 67 68 68 68 68 68 68 68 68 68 68 68 68 67 67 67 67 67 66 66 66 66 66 66 66 66 65 65 65 64 64 63 63 63 62 62 62 61 61 61 60 60 59 58
