inputs/dem.asc
ncols         404
nrows         404
xllcorner     4681261
yllcorner     2523693
cellsize      1
NODATA_value  -9999
[rows 330 to 384 of 404, columns 0 to 95 of 404]
37 37 37 37 37 37 37 37 38 39 40 42 47 50 51 51 51 51 51 51 52 52 52 52 52 52 52 52 53 53 53 53 54 54 54 54 54 54 54 54 54 54 54 54 54 54 53 53 53 53 52 52 51 51 51 50 50 50 49 49 48 48 47 47 46 46 45 45 44 44 43 42 42 41 40 40 39 39 37 37 37 37 36 36 36 35 35 35 34 34 34 34 34 33 33 33
37 37 37 37 37 37 37 37 38 39 40 42 47 50 50 51 51 51 51 51 51 52 52 52 52 52 52 52 53 53 53 53 53 54 54 54 54 54 54 54 54 54 54 54 53 53 53 53 53 52 52 52 51 51 50 50 50 49 49 48 48 48 47 46 46 46 45 44 44 43 42 42 41 41 40 39 39 38 37 37 37 36 36 36 35 35 34 34 34 34 33 33 33 33 33 32
37 37 37 37 37 37 37 37 38 39 40 42 47 50 50 50 51 51 51 51 51 51 52 52 52 52 52 52 52 53 53 53 53 53 54 54 54 54 54 54 54 54 53 53 53 53 53 53 52 52 52 52 51 51 50 50 49 49 48 48 48 47 47 46 46 45 44 44 44 43 42 42 41 40 39 39 38 38 37 37 37 36 36 35 35 35 34 34 33 33 33 33 33 32 32 32
37 37 37 37 37 37 37 37 38 38 40 42 47 50 50 50 50 51 51 51 51 51 51 52 52 52 52 52 52 52 53 53 53 53 53 53 53 53 53 53 53 53 53 53 53 53 52 52 52 52 52 51 51 50 50 49 49 48 48 47 47 47 46 45 45 45 44 43 43 42 41 41 40 40 39 38 38 37 37 36 36 36 35 35 34 34 33 33 32 32 32 32 32 31 31 31
37 37 37 37 37 37 37 37 38 38 40 42 46 49 50 50 50 50 51 51 51 51 51 51 51 52 52 52 52 52 52 53 53 53 53 53 53 53 53 53 53 53 53 53 53 52 52 52 52 52 51 51 50 50 49 49 48 48 47 47 47 46 45 45 45 44 43 43 42 42 41 40 40 39 38 38 37 37 36 36 36 36 35 34 34 33 33 32 32 31 31 31 31 31 31 31
37 37 37 37 37 37 37 37 38 38 40 42 45 48 50 50 50 50 51 51 51 51 51 51 51 51 52 52 52 52 52 52 53 53 53 53 53 53 53 53 53 53 53 53 52 52 52 52 51 51 51 50 50 50 49 49 48 48 47 47 46 46 45 45 44 44 43 42 42 41 40 40 39 39 38 37 37 37 36 36 36 35 34 34 33 33 32 32 31 31 31 31 31 31 30 30
37 37 37 37 37 37 37 37 38 38 40 41 44 48 50 50 50 50 50 51 51 51 51 51 51 51 51 52 52 52 52 52 52 52 53 53 53 53 53 53 53 53 53 52 52 52 52 51 51 51 50 50 50 49 49 48 48 47 47 46 46 45 45 44 44 43 42 42 41 41 40 39 39 38 37 37 37 36 36 35 35 35 34 33 33 33 32 31 31 31 30 30 30 30 30 30
37 37 37 37 37 37 37 37 38 38 39 41 44 47 49 49 50 50 50 50 50 50 51 51 51 51 51 51 51 52 52 52 52 52 52 52 52 52 53 53 53 53 52 52 52 52 51 51 51 50 50 49 49 49 48 47 47 47 46 45 45 45 44 43 43 42 41 41 40 40 39 38 37 37 36 35 35 35 35 35 34 34 33 33 32 32 31 31 31 30 30 30 30 29 29 29
37 37 37 37 37 37 37 37 38 38 39 41 43 47 49 49 49 50 50 50 50 50 50 50 51 51 51 51 51 51 52 52 52 52 52 52 52 52 52 52 52 52 52 52 52 51 51 50 50 50 49 49 49 48 47 47 47 46 45 45 45 44 43 43 42 42 41 40 40 39 38 37 37 36 35 35 35 35 34 34 34 34 33 32 32 32 31 31 30 30 30 29 29 29 29 29
37 37 37 37 37 37 37 37 38 38 39 41 43 47 49 49 49 49 50 50 50 50 50 50 50 50 51 51 51 51 51 51 52 52 52 52 52 52 52 52 52 52 52 52 51 51 50 50 50 50 49 49 48 48 47 47 46 46 45 45 44 44 43 43 42 42 41 40 39 39 38 37 36 36 34 34 34 34 34 34 33 33 32 32 32 31 31 30 30 30 29 29 29 29 28 28
37 37 37 37 37 37 37 37 38 38 39 40 43 46 49 49 49 49 49 50 50 50 50 50 50 50 51 51 51 51 51 51 51 51 52 52 52 52 52 52 52 52 52 51 51 51 50 50 50 49 49 48 48 47 47 46 46 45 45 44 44 43 43 42 42 41 40 40 39 38 37 36 36 35 34 34 34 34 34 33 33 33 32 32 31 31 30 30 30 29 29 29 28 28 28 28
37 37 37 37 37 37 37 37 38 38 39 40 42 46 48 48 49 49 49 49 49 49 50 50 50 50 50 50 50 51 51 51 51 51 51 51 51 51 52 52 52 52 51 51 50 50 49 49 49 48 48 47 47 47 46 45 45 45 44 43 43 42 42 41 41 40 39 39 38 38 36 36 35 34 34 34 34 34 33 33 33 32 32 31 31 30 30 29 29 29 28 28 28 28 27 27
37 37 37 37 37 37 37 37 38 38 39 40 42 46 48 48 48 49 49 49 49 49 49 50 50 50 50 50 50 50 50 51 51 51 51 51 51 51 51 51 51 51 51 50 50 50 49 49 48 48 47 47 47 46 45 45 45 44 43 43 42 42 41 41 40 40 39 38 38 37 36 35 35 34 34 34 34 34 33 33 32 32 31 31 30 30 29 29 29 28 28 28 28 27 27 27
37 37 37 37 37 37 37 37 38 38 39 40 42 46 48 48 48 48 49 49 49 49 49 49 49 50 50 50 50 50 50 50 50 50 51 51 51 51 51 51 51 51 50 50 50 49 49 48 48 48 47 47 46 46 45 45 44 44 43 42 42 42 41 40 40 40 39 38 38 37 36 35 34 34 34 34 34 33 33 32 32 32 31 31 30 30 29 29 28 28 28 27 27 27 27 27
37 37 37 37 37 37 37 37 38 38 39 40 42 45 48 48 48 48 48 48 49 49 49 49 49 49 49 50 50 50 50 50 50 50 50 50 50 50 51 50 50 50 50 50 49 49 48 48 48 47 46 46 46 45 44 44 44 43 43 42 42 41 41 40 40 39 38 38 37 37 36 35 35 34 34 34 33 33 33 32 32 32 31 30 30 29 29 28 28 28 27 27 27 27 27 27
37 37 37 37 37 37 37 37 38 38 39 40 42 45 47 47 48 48 48 48 48 48 48 49 49 49 49 49 49 49 49 50 50 50 50 50 50 50 50 50 50 49 49 49 49 48 48 47 47 46 46 45 45 44 43 43 43 42 42 41 41 41 40 39 39 38 38 37 37 36 36 35 35 34 34 33 33 33 32 32 32 31 30 30 29 29 28 28 28 27 27 27 27 27 27 27
37 37 37 37 37 37 37 37 38 38 39 40 42 45 47 47 47 47 48 48 48 48 48 48 48 48 49 49 49 49 49 49 49 49 50 50 50 50 49 49 49 49 49 48 48 48 47 47 46 46 45 45 44 44 43 42 42 42 41 41 41 40 39 39 39 38 37 37 37 36 35 35 35 34 34 33 33 33 32 32 31 31 30 30 29 28 28 28 28 27 27 27 27 27 27 27
37 37 37 37 37 37 37 37 38 38 39 40 41 45 47 47 47 47 47 47 48 48 48 48 48 48 48 49 49 49 49 49 49 49 49 49 49 49 49 49 49 49 48 48 48 48 47 46 46 46 45 44 44 43 42 42 41 41 41 40 40 40 39 39 38 38 37 37 37 36 35 35 35 34 34 33 33 33 32 32 31 31 30 29 29 28 28 28 28 27 27 27 27 27 27 27
37 37 37 37 37 37 37 37 38 38 38 40 41 44 46 47 47 47 47 47 47 47 47 48 48 48 48 48 48 49 49 49 49 49 49 49 49 49 49 49 49 48 48 48 47 47 46 46 46 45 44 44 43 43 42 41 41 41 40 40 40 39 39 38 38 38 37 37 36 36 35 35 35 34 34 33 33 33 32 31 31 31 30 29 29 28 28 28 27 27 27 27 27 27 27 26
37 37 37 37 37 37 37 37 37 38 38 39 41 44 46 46 46 46 47 47 47 47 47 47 47 47 48 48 48 48 48 48 48 49 49 49 48 48 48 48 48 48 47 47 47 46 46 45 45 44 43 43 42 41 40 40 40 40 39 39 39 39 38 38 38 37 37 36 36 36 35 35 34 34 33 33 33 32 32 31 31 30 30 29 28 28 28 28 27 27 27 27 27 27 26 26
37 37 37 37 37 37 37 37 37 38 38 39 41 44 46 46 46 46 46 46 46 46 46 47 47 47 47 47 48 48 48 48 48 48 48 48 48 48 48 48 48 48 47 47 47 46 45 45 44 44 43 42 42 41 40 40 40 39 39 39 39 39 38 38 37 37 37 36 36 36 35 35 34 34 33 33 33 32 32 31 31 30 30 29 29 28 28 27 27 27 27 27 27 27 26 26
37 37 37 37 37 37 37 37 37 38 38 39 41 44 46 46 46 46 46 46 46 46 46 46 47 47 47 47 47 47 48 48 48 48 48 48 48 48 48 48 47 47 47 47 46 46 45 45 44 44 42 42 41 40 40 40 39 39 39 39 39 38 38 38 37 37 36 36 36 36 35 35 34 34 33 33 32 32 31 31 31 30 30 29 29 28 28 27 27 27 27 27 27 27 26 26
37 37 37 37 37 37 37 37 37 38 38 39 41 44 45 46 46 46 46 46 46 46 46 46 46 47 47 47 47 47 47 48 48 48 48 48 48 48 47 47 47 47 47 46 46 46 45 44 44 43 42 41 41 40 40 39 39 39 39 39 38 38 38 37 37 37 36 36 36 36 35 35 34 34 33 33 32 32 31 31 31 30 29 29 29 28 28 27 27 27 27 27 27 27 26 26
37 37 37 37 37 37 37 37 37 38 38 39 41 43 45 45 45 46 46 46 46 46 46 46 46 46 47 47 47 47 47 47 47 47 47 47 47 47 47 47 47 47 46 46 46 45 44 44 43 43 42 41 40 40 39 39 39 39 38 38 38 38 37 37 37 36 36 36 36 36 35 34 34 34 33 32 32 32 31 31 30 30 29 29 29 29 28 28 27 27 27 27 27 27 26 26
37 37 37 37 37 37 37 37 37 38 38 39 41 43 45 45 45 45 46 46 46 46 46 46 46 46 47 47 47 47 47 47 47 47 47 47 47 47 47 47 46 46 46 46 45 45 44 44 43 42 41 41 40 40 39 39 39 39 38 38 38 37 37 37 36 36 36 36 36 36 35 34 34 33 33 32 32 32 31 31 30 30 29 29 29 28 28 28 27 27 27 27 27 26 26 26
37 37 37 37 37 37 37 37 37 38 38 39 40 43 45 45 45 45 46 46 46 46 46 46 46 46 47 47 47 47 47 47 47 47 47 47 47 47 47 46 46 46 46 46 45 45 44 43 43 42 41 41 40 40 39 39 39 39 38 38 37 37 37 36 36 36 36 36 36 36 35 34 34 33 32 32 32 31 31 30 30 30 29 29 29 28 28 28 27 27 27 27 27 26 26 26
37 37 37 37 37 37 37 37 37 38 38 39 40 43 44 45 45 45 46 46 46 46 46 46 46 46 47 47 47 47 47 47 47 47 47 47 47 47 46 46 46 46 46 45 45 45 44 43 43 42 41 41 40 40 39 39 39 38 38 38 37 37 36 36 36 36 36 36 36 35 35 34 34 33 32 32 31 31 30 30 30 30 29 29 28 28 28 28 27 27 27 27 26 26 26 26
37 37 37 37 37 37 37 37 37 38 38 39 40 43 44 44 45 45 45 46 46 46 46 46 46 46 46 47 47 47 47 47 47 47 46 46 46 46 46 46 46 46 45 45 45 44 43 43 42 42 41 41 40 40 39 39 38 38 37 37 37 36 36 36 35 35 35 35 35 35 34 34 33 33 32 31 31 31 30 30 29 29 28 28 28 28 27 27 27 27 27 26 26 26 26 25
37 37 37 37 37 37 37 37 37 38 38 39 40 42 44 44 45 45 45 45 46 46 46 46 46 46 46 47 47 47 47 47 46 46 46 46 46 46 46 46 45 45 45 45 44 44 43 43 42 42 41 41 40 40 39 39 38 38 37 37 37 36 36 35 35 35 35 35 35 35 34 33 33 32 31 31 31 30 30 29 29 29 28 28 28 28 27 27 27 27 26 26 26 26 25 25
37 37 37 37 37 37 37 37 37 38 38 39 40 42 43 44 44 45 45 45 46 46 46 46 46 46 46 46 47 47 47 46 46 46 46 46 46 46 46 45 45 45 45 44 44 44 43 43 42 42 41 40 40 40 39 38 38 38 37 37 36 36 35 35 35 35 35 35 35 35 33 33 32 32 31 31 30 30 29 29 28 28 28 27 27 27 27 27 27 26 26 26 26 26 25 25
37 37 37 37 37 37 37 37 37 38 38 39 40 41 43 44 44 45 45 45 45 46 46 46 46 46 46 46 47 47 47 46 46 46 46 46 46 46 45 45 45 45 45 44 44 44 43 42 42 41 41 40 40 39 39 38 38 38 37 37 36 36 35 35 34 34 34 34 34 34 33 33 32 32 31 30 30 30 29 28 28 28 27 27 27 27 26 26 26 26 26 26 26 25 25 25
37 37 37 37 37 37 37 37 37 38 38 39 40 41 43 44 44 44 45 45 45 45 46 46 46 46 46 46 46 46 46 46 46 46 46 46 46 46 45 45 45 45 44 44 44 43 42 42 42 41 40 40 39 39 38 38 38 37 37 36 36 35 34 34 33 33 33 33 33 33 32 32 31 31 30 30 29 29 28 27 27 27 27 26 26 26 26 26 26 26 26 25 25 25 24 24
37 37 37 37 37 37 37 37 37 38 38 39 39 41 42 43 44 44 45 45 45 45 46 46 46 46 46 46 46 46 46 46 46 46 46 46 46 46 45 45 45 45 44 44 44 43 42 42 41 41 40 40 39 39 38 38 38 37 36 36 36 35 34 34 33 33 32 32 32 32 32 31 31 31 30 29 29 28 27 27 27 27 26 26 26 26 26 26 26 26 25 25 25 25 24 24
37 37 37 37 37 37 37 37 37 38 38 38 39 40 42 43 44 44 44 45 45 45 46 46 46 46 46 46 46 46 46 46 46 46 46 46 46 46 45 45 45 45 44 44 43 43 42 42 41 41 40 39 39 39 38 38 37 37 36 36 36 35 34 34 33 33 32 32 32 32 31 31 31 30 30 29 29 28 27 27 27 27 26 26 26 26 26 26 26 26 25 25 25 25 24 24
37 37 37 37 37 37 37 37 37 38 38 38 39 40 42 43 43 44 44 45 45 45 45 46 46 46 46 46 46 46 46 46 46 46 46 46 46 45 45 45 45 45 44 44 43 43 42 42 41 41 40 39 39 38 38 38 37 37 36 36 35 35 34 34 33 33 32 32 32 31 31 31 30 30 29 29 28 28 27 27 27 26 26 26 26 26 26 26 26 26 25 25 25 24 24 24
37 37 37 37 37 37 37 37 37 37 38 38 39 40 41 42 43 43 44 44 45 45 45 45 45 46 46 46 46 46 46 46 46 46 46 45 45 45 45 45 45 45 44 43 43 43 42 41 41 40 39 39 38 38 38 37 37 37 36 36 35 35 34 34 33 33 32 31 31 31 30 30 30 29 29 28 28 28 27 27 27 26 26 26 26 26 26 26 26 25 25 25 24 24 24 23
37 37 37 37 37 37 37 37 37 37 38 38 39 40 41 42 43 43 44 44 44 45 45 45 45 45 46 46 46 46 46 46 46 46 46 45 45 45 45 45 45 44 44 43 43 43 42 41 41 40 39 39 38 38 37 37 37 37 36 36 35 35 34 34 33 33 32 31 31 31 30 30 29 29 29 28 28 28 27 27 27 26 26 26 26 26 26 26 26 25 25 25 24 24 24 23
37 37 37 37 37 37 37 37 37 37 38 38 39 40 41 42 42 43 44 44 44 44 45 45 45 45 46 46 46 46 46 46 46 46 45 45 45 45 45 45 44 44 44 43 43 43 42 41 41 40 39 39 38 38 37 37 37 37 36 36 35 35 34 34 33 33 32 31 31 30 30 29 29 29 29 28 28 28 27 27 27 27 26 26 26 26 26 26 26 25 25 25 24 24 23 23
37 37 37 37 37 37 37 37 37 37 38 38 39 40 41 42 42 43 43 44 44 44 45 45 45 45 45 46 46 46 46 46 46 46 45 45 45 45 45 44 44 44 43 43 43 42 42 41 41 40 39 39 38 38 37 37 37 37 36 36 35 35 34 34 33 33 32 31 31 30 29 29 29 29 28 28 28 28 27 27 27 27 26 26 26 26 26 26 25 25 25 24 24 24 23 23
37 37 37 37 37 37 37 37 37 37 38 38 39 39 41 41 42 42 43 43 43 44 44 44 45 45 45 45 45 45 46 46 45 45 45 45 45 45 44 44 44 44 43 43 43 42 42 41 41 40 40 39 39 38 38 37 37 37 36 36 35 35 34 34 33 33 32 31 31 30 29 29 29 29 28 28 28 28 27 27 27 27 26 26 26 26 26 25 25 25 25 24 24 24 24 23
37 37 37 37 37 37 37 37 37 37 38 38 38 39 40 41 41 42 43 43 43 44 44 44 44 45 45 45 45 45 45 45 45 45 45 45 45 45 44 44 44 44 43 43 43 42 42 41 41 40 40 39 39 38 38 37 37 37 36 36 36 35 34 34 33 33 32 31 31 30 29 29 29 29 28 28 28 28 28 27 27 27 26 26 26 26 26 25 25 25 25 24 24 24 24 24
37 37 37 37 37 37 37 37 37 37 38 38 38 39 40 40 41 41 42 43 43 43 44 44 44 44 45 45 45 45 45 45 45 45 45 45 45 45 44 44 44 44 43 43 43 42 42 41 41 41 40 39 39 39 38 38 37 37 36 36 36 35 34 34 33 33 32 31 31 30 29 29 29 29 28 28 28 28 28 27 27 27 26 26 26 26 26 25 25 25 25 25 24 24 24 24
37 37 37 37 37 37 37 37 37 37 38 38 38 39 39 40 41 41 42 42 43 43 44 44 44 44 45 45 45 45 45 45 45 45 45 45 45 44 44 44 44 44 43 43 43 42 42 41 41 41 40 40 39 39 38 38 37 37 36 36 36 35 34 34 33 33 32 31 31 30 29 29 29 29 29 28 28 28 28 28 27 27 27 26 26 26 26 26 25 25 25 25 24 24 24 24
37 37 37 37 37 37 37 37 37 37 38 38 38 39 39 39 40 41 41 42 42 43 43 43 44 44 44 44 44 44 44 44 44 44 44 44 44 44 44 44 44 43 43 43 42 42 42 41 41 41 40 40 39 39 38 38 38 37 36 36 36 35 34 34 33 33 32 32 31 30 30 29 29 29 29 28 28 28 28 28 27 27 27 27 26 26 26 26 26 25 25 25 25 25 24 24
37 37 37 37 37 37 37 37 37 37 38 38 38 39 39 39 40 40 41 42 42 42 43 43 43 44 44 44 44 44 44 44 44 44 44 44 44 44 44 44 44 43 43 43 42 42 42 41 41 41 40 40 40 39 39 38 38 37 36 36 36 35 34 34 34 33 32 32 31 31 30 29 29 29 29 29 28 28 28 27 27 27 27 27 27 26 26 26 26 25 25 25 25 25 24 24
37 37 37 37 37 37 37 37 37 37 37 38 38 38 39 39 39 40 41 41 42 42 43 43 43 43 44 44 44 44 44 44 44 44 44 44 44 44 44 44 44 43 43 43 42 42 42 41 41 41 40 40 40 39 39 38 38 37 36 36 36 35 34 34 34 33 32 32 31 31 30 30 29 29 29 28 28 28 28 27 27 27 27 27 27 26 26 26 26 25 25 25 25 25 24 24
37 37 37 37 37 37 37 37 37 37 37 38 38 38 39 39 39 40 41 41 42 42 43 43 43 43 44 44 44 44 44 44 44 44 44 44 44 44 44 44 44 43 43 43 42 42 42 41 41 41 40 40 40 39 39 38 38 37 36 36 36 35 34 34 34 33 32 32 31 31 30 30 29 29 29 28 28 28 28 27 27 27 27 27 26 26 26 26 26 26 25 25 25 25 24 24
37 37 37 37 37 37 37 37 37 37 37 38 38 38 38 38 39 39 40 41 41 41 42 42 43 43 43 43 43 44 44 44 44 44 44 44 44 44 44 44 44 43 43 43 42 42 42 41 41 41 40 39 39 39 39 38 38 37 36 36 36 35 35 34 34 33 32 32 32 31 30 30 29 29 29 28 28 28 27 27 27 27 27 27 26 26 26 26 26 26 25 25 25 25 24 24
37 37 37 37 37 37 37 37 37 37 37 38 38 38 38 38 38 39 40 40 41 41 42 42 43 43 43 43 43 43 44 44 44 44 44 44 44 44 44 44 43 43 43 42 42 42 41 41 41 40 40 39 39 39 39 38 38 37 37 36 36 35 35 34 34 33 33 32 32 31 30 30 30 29 29 28 28 28 27 27 27 27 27 27 26 26 26 26 26 26 25 25 25 25 24 24
37 37 37 37 37 37 37 37 37 37 37 38 38 38 38 38 38 39 40 40 41 41 42 42 42 43 43 43 43 43 43 43 44 44 44 44 44 44 44 44 43 43 43 42 42 42 41 41 41 40 39 39 39 39 38 38 38 37 37 36 36 36 35 34 34 34 33 32 32 31 30 30 30 29 29 28 28 28 27 27 27 27 27 27 27 26 26 26 26 26 25 25 25 25 24 24
37 37 37 37 37 37 37 37 37 37 37 38 38 38 38 37 38 38 39 40 40 41 42 42 42 43 43 43 43 43 43 43 43 43 43 43 43 43 43 43 43 43 43 42 42 42 41 41 41 40 40 39 39 39 38 38 38 37 37 36 36 36 35 35 34 34 33 32 32 31 30 30 30 29 29 28 28 28 27 27 27 27 27 27 27 26 26 26 26 26 25 25 25 25 24 24
37 37 37 37 37 37 37 37 37 37 37 37 38 38 37 37 37 38 39 39 40 41 41 42 42 42 42 43 43 43 43 43 43 43 43 43 43 43 43 43 43 43 43 42 42 42 41 41 41 40 40 39 39 39 38 38 37 37 37 36 36 36 35 35 34 34 33 32 32 31 30 30 29 29 28 28 28 28 27 27 27 27 27 27 27 26 26 26 26 26 25 25 25 24 24 24
37 37 37 37 37 37 37 37 37 37 37 37 38 38 37 36 37 38 39 39 40 40 41 42 42 42 42 42 42 43 43 43 43 43 43 43 43 43 43 43 43 43 42 42 42 42 41 41 41 40 40 39 39 39 38 38 37 37 36 36 36 36 35 35 34 34 33 32 32 32 31 30 29 29 28 28 28 28 27 27 27 27 27 27 27 26 26 26 26 26 25 25 25 25 24 24
37 37 37 37 37 37 37 37 37 37 37 37 37 37 37 37 37 37 38 39 40 40 41 41 41 42 42 42 42 42 43 43 43 43 43 43 43 43 43 43 43 43 42 42 42 42 41 41 41 40 40 39 39 39 38 38 37 37 36 36 36 36 35 35 34 34 33 33 32 32 31 30 30 29 28 28 28 28 27 27 27 27 27 27 27 26 26 26 26 26 25 25 25 25 24 24
37 37 37 37 37 37 37 37 37 37 37 37 37 37 37 37 36 37 38 39 39 40 41 41 41 41 42 42 42 42 42 42 43 43 43 43 43 43 43 43 43 42 42 42 42 42 41 41 41 40 40 39 39 39 38 38 37 37 36 36 36 36 35 35 34 34 33 33 32 32 31 30 30 29 28 28 28 28 27 27 27 27 27 27 27 26 26 26 26 26 26 25 25 25 24 24
