inputs/dem.asc
ncols         404
nrows         404
xllcorner     4681261
yllcorner     2523693
cellsize      1
NODATA_value  -9999
[rows 55 to 109 of 404, columns 192 to 287 of 404]
70 70 70 70 69 69 69 69 69 68 68 67 67 67 66 66 66 66 65 65 65 64 64 63 63 62 61 61 60 60 59 58 57 57 56 56 56 55 55 55 54 54 53 52 52 51 50 50 49 49 48 48 47 47 47 46 46 46 46 46 45 45 45 44 44 44 44 44 44 44 44 43 43 43 43 43 43 42 42 42 41 41 41 41 41 41 41 41 41 41 40 40 40 40 40 40
70 70 70 70 69 69 69 69 69 68 68 67 67 67 67 66 66 66 65 65 65 64 64 63 63 62 61 61 60 60 58 58 57 56 56 56 56 55 55 55 54 53 52 52 51 51 50 49 49 49 48 47 47 47 47 46 46 46 46 45 45 45 45 44 44 44 44 43 43 43 43 43 43 43 42 42 42 42 41 41 41 41 40 40 40 40 40 40 40 40 40 40 40 40 39 39
70 70 70 70 69 69 69 69 69 68 68 67 67 67 67 66 66 66 65 65 65 64 63 63 63 62 61 61 60 59 58 57 57 56 56 56 56 55 55 55 54 53 52 51 51 50 49 49 48 48 47 47 47 47 46 46 46 46 45 45 45 45 44 44 44 44 43 43 42 42 42 42 42 42 41 41 41 41 40 40 39 39 39 39 39 39 39 40 40 40 39 39 39 39 38 38
70 70 70 70 69 69 69 69 69 68 68 67 67 67 67 67 66 66 65 65 65 64 63 63 63 62 61 60 60 59 58 57 57 56 56 56 56 55 55 54 54 53 52 51 50 50 49 48 48 47 47 47 47 47 46 46 46 46 45 45 45 45 44 44 44 44 43 42 42 42 42 42 41 41 41 41 40 40 39 39 38 38 38 38 38 38 39 39 39 39 39 38 38 38 38 38
70 70 70 70 69 69 69 69 69 68 68 67 67 67 67 67 66 66 65 65 65 64 63 63 62 62 61 60 60 59 58 57 57 56 56 56 55 55 55 54 54 53 52 51 50 49 48 48 48 47 47 47 47 47 46 46 46 46 45 45 45 45 44 44 44 43 43 42 42 42 41 41 41 41 41 40 40 40 39 38 38 37 37 37 37 37 38 38 38 38 38 38 38 38 37 37
70 70 70 70 69 69 69 69 69 68 68 67 67 67 67 67 67 66 65 65 65 64 63 63 63 62 61 60 60 59 58 57 57 56 56 56 55 55 55 54 53 53 52 51 50 49 48 48 48 47 47 47 47 46 46 46 46 46 45 45 45 45 44 44 44 43 43 42 42 42 41 41 41 41 40 40 40 39 38 37 37 36 36 36 36 37 37 37 38 38 37 37 37 37 37 37
70 70 69 69 69 69 69 69 68 68 68 67 67 67 67 67 67 66 65 65 65 64 63 63 63 62 61 60 60 59 58 57 57 57 56 56 55 55 54 54 53 53 52 51 50 49 48 48 48 47 47 47 47 47 46 46 46 46 45 45 45 45 44 44 44 43 43 42 42 42 41 41 41 40 40 39 39 38 37 37 36 36 36 36 36 36 36 36 36 36 36 36 36 36 36 36
70 70 69 69 69 69 69 69 68 68 68 68 67 67 67 67 67 66 66 65 65 64 63 63 63 62 61 61 60 59 58 58 57 57 56 56 55 55 54 54 53 53 52 51 50 49 48 48 48 47 47 47 47 47 46 46 46 46 46 45 45 45 44 44 44 43 43 42 42 42 41 41 40 40 39 39 39 38 37 36 36 36 36 36 36 36 36 36 36 36 36 36 36 36 36 36
70 70 69 69 69 69 69 68 68 68 68 67 67 67 67 67 67 66 66 65 65 64 64 63 63 62 61 61 60 60 58 58 57 57 56 56 55 55 54 54 53 53 52 51 50 50 48 48 48 48 47 47 47 47 47 46 46 46 46 45 45 45 44 44 44 43 43 42 42 42 41 41 40 40 39 39 38 38 37 36 36 36 36 36 36 36 36 36 36 36 36 36 36 36 36 36
70 70 69 69 69 69 69 68 68 68 68 67 67 67 67 67 67 66 65 65 65 64 63 63 63 62 61 61 60 60 59 58 58 57 56 56 55 55 54 54 53 53 52 51 51 50 49 48 48 48 48 47 47 47 47 46 46 46 46 45 45 45 44 44 44 43 43 42 42 42 41 41 40 40 39 39 38 38 37 36 36 36 36 36 36 36 36 36 36 36 36 36 36 36 36 36
70 69 69 69 69 69 68 68 68 68 67 67 67 67 67 67 66 66 65 65 65 64 63 63 63 62 61 61 60 60 59 59 58 58 57 56 56 55 54 54 54 53 52 52 51 51 50 49 49 49 48 48 48 47 47 47 46 46 46 46 45 45 44 44 44 43 42 42 42 41 41 40 40 40 39 38 38 37 37 36 36 36 36 36 36 36 36 36 36 35 35 35 35 35 35 35
70 69 69 69 69 69 68 68 68 67 67 67 67 67 67 66 66 66 65 65 65 64 63 63 63 62 61 61 61 60 59 59 58 58 57 56 56 55 55 54 54 53 52 52 52 51 50 50 49 49 48 48 48 47 47 47 47 46 46 46 45 45 44 44 44 43 42 42 42 41 41 40 40 39 39 38 38 37 37 36 36 36 36 36 36 36 36 35 35 35 35 35 35 35 35 35
70 69 69 69 69 68 68 68 67 67 67 67 66 66 66 66 66 66 65 65 65 64 63 63 63 62 61 61 61 60 59 59 58 58 57 57 56 56 55 54 54 54 53 52 52 51 50 50 50 49 49 48 48 48 47 47 47 46 46 46 45 45 44 44 44 43 42 42 41 41 40 40 40 39 39 38 38 37 36 36 36 36 36 36 36 36 35 35 35 35 35 35 35 35 35 35
70 69 69 69 69 68 68 68 67 67 66 66 66 66 66 66 66 66 65 65 65 64 63 63 63 62 62 61 61 60 60 59 59 58 57 57 56 56 55 55 54 54 53 52 52 52 51 50 50 50 49 48 48 48 47 47 47 46 46 46 45 45 44 44 43 43 42 42 41 41 40 40 40 39 38 38 38 37 36 36 36 36 36 36 36 36 35 35 35 35 35 35 35 35 35 35
69 69 69 69 68 68 68 67 67 67 66 66 66 66 66 66 66 66 65 65 65 64 63 63 63 62 62 61 61 61 60 59 59 59 58 57 57 56 55 55 55 54 53 53 53 52 51 51 50 50 49 49 48 48 47 47 47 46 46 46 45 45 44 44 43 43 42 41 41 41 40 40 39 39 38 38 37 37 36 36 36 36 36 36 36 36 35 35 35 35 35 35 35 35 35 35
69 69 69 69 68 68 68 67 67 67 66 66 66 66 66 66 66 66 65 65 65 64 63 63 63 62 62 62 61 61 60 60 59 59 58 57 57 56 55 55 55 54 54 53 53 52 52 51 51 50 49 49 48 48 47 47 47 46 46 46 45 45 44 44 43 42 41 41 41 40 40 40 39 39 38 38 37 37 36 36 36 36 36 36 36 36 35 35 35 35 35 35 35 35 35 35
69 69 69 68 68 68 68 67 67 67 66 66 66 66 66 66 66 66 65 65 64 64 63 63 63 62 62 62 62 61 60 60 59 59 58 57 57 57 56 55 55 55 54 53 53 53 52 51 51 51 49 49 48 48 47 47 47 46 46 46 45 45 44 43 43 42 41 41 40 40 40 39 39 39 38 38 37 37 36 36 36 36 36 36 36 36 35 35 35 35 35 35 35 35 35 35
69 69 69 68 68 68 68 67 67 67 66 66 66 66 66 66 66 65 65 65 64 64 63 63 63 62 62 62 62 62 61 60 60 59 58 58 57 57 56 55 55 55 54 54 53 53 52 52 51 51 50 49 49 48 47 47 47 46 46 45 45 45 44 43 43 42 41 41 40 40 40 39 39 39 38 38 37 37 36 36 36 36 36 36 36 36 35 35 35 35 35 35 35 35 35 35
69 69 68 68 68 68 67 67 67 67 66 66 66 66 66 66 66 65 65 65 64 64 63 63 63 62 62 62 62 62 61 60 60 59 58 58 57 57 56 56 56 55 55 54 54 53 52 52 52 51 50 49 49 48 47 47 47 46 46 45 45 45 44 43 43 42 41 41 40 40 40 39 39 39 38 38 37 37 36 36 36 36 36 36 36 35 35 35 35 35 35 35 35 35 35 35
69 69 68 68 68 68 67 67 67 67 66 66 66 66 66 66 65 65 65 65 64 64 63 63 63 62 62 62 62 62 61 60 60 59 59 58 58 57 56 56 56 56 55 54 54 53 53 52 52 51 50 49 49 48 47 47 47 46 46 45 45 45 44 43 43 42 41 41 41 40 40 39 39 39 38 38 37 37 36 36 36 36 36 36 36 35 35 35 35 35 35 35 35 35 35 35
69 69 68 68 68 68 67 67 67 67 66 66 66 66 66 66 65 65 65 65 64 64 63 63 63 62 62 62 62 62 61 60 60 60 59 58 58 57 57 56 56 56 55 55 54 54 53 52 52 51 50 50 49 48 47 47 47 46 46 45 45 45 44 43 43 42 41 41 41 40 40 39 39 39 38 38 37 37 36 36 36 36 36 36 36 35 35 35 35 35 35 35 35 35 35 35
69 69 68 68 68 68 67 67 67 67 66 66 66 66 66 65 65 65 65 65 64 64 63 63 63 63 62 62 62 62 61 60 60 60 59 58 58 57 57 56 56 56 55 55 54 54 53 52 52 51 50 50 49 49 47 47 47 47 46 46 45 45 44 43 43 42 41 41 41 40 40 40 39 39 38 38 37 37 37 36 36 36 36 36 36 35 35 35 35 35 35 35 35 35 35 35
69 68 68 68 68 68 67 67 67 67 66 66 66 66 65 65 65 65 65 64 64 64 63 63 63 63 62 62 62 61 61 60 60 60 59 58 58 58 57 57 56 56 55 55 55 54 53 53 52 52 51 50 50 49 48 47 47 47 46 46 45 45 44 43 43 43 42 41 41 41 40 40 39 39 38 38 38 37 37 37 36 36 36 36 36 36 35 35 35 35 35 35 35 35 35 35
68 68 68 68 68 67 67 67 67 67 66 66 66 66 65 65 65 65 64 64 64 64 63 63 63 63 62 62 62 61 61 60 60 60 59 58 58 58 57 57 56 56 56 55 55 54 53 53 52 52 51 50 50 49 48 48 47 47 46 46 45 45 44 44 43 43 42 41 41 41 40 40 39 39 39 38 38 38 37 37 37 36 36 36 36 36 35 35 35 35 35 35 35 35 35 35
68 68 68 68 68 67 67 67 67 67 66 66 66 66 65 65 65 65 64 64 64 64 63 63 63 63 62 62 62 61 61 60 60 60 59 59 58 58 57 57 57 56 56 55 55 54 53 53 53 52 51 50 50 49 48 48 48 47 46 46 45 45 44 44 43 43 42 42 41 41 40 40 39 39 39 38 38 38 37 37 37 37 36 36 36 36 35 35 35 35 35 35 35 35 35 35
68 68 68 68 67 67 67 67 67 66 66 66 66 65 65 65 65 65 64 64 64 64 63 63 63 62 62 62 61 61 61 60 60 60 59 59 58 58 57 57 57 56 56 55 55 54 54 53 53 52 51 51 50 50 49 48 48 47 46 46 45 45 44 44 43 43 42 42 41 41 40 40 39 39 39 39 38 38 38 37 37 37 36 36 36 36 36 35 35 35 35 35 35 35 35 35
68 68 68 67 67 67 67 67 66 66 66 66 65 65 65 65 65 64 64 64 64 64 63 63 63 62 62 62 61 61 61 60 60 60 59 59 58 58 57 57 57 56 56 55 55 55 54 53 53 53 52 51 51 50 49 49 48 48 47 46 46 45 44 44 43 43 42 42 41 41 40 40 40 39 39 39 39 39 38 38 38 37 36 36 36 36 36 35 35 35 35 35 35 35 35 35
68 68 67 67 67 67 67 66 66 66 66 65 65 65 65 65 64 64 64 64 64 64 63 63 63 62 62 62 61 61 60 60 60 59 59 59 58 58 57 57 57 56 56 55 55 55 54 54 53 53 52 51 51 50 49 49 48 48 47 46 46 45 44 44 43 43 42 42 41 41 40 40 40 39 39 39 39 39 39 38 38 38 37 36 36 36 36 35 35 35 35 35 35 35 35 35
68 68 67 67 67 67 67 66 66 66 66 65 65 65 65 64 64 64 64 64 64 63 63 63 63 62 62 62 61 61 60 60 60 59 59 59 58 58 57 57 57 56 56 56 55 55 54 54 53 53 52 51 51 50 49 49 48 48 47 46 46 45 44 44 43 43 42 42 41 41 40 40 40 39 39 39 39 39 39 39 38 38 37 36 36 36 36 35 35 35 35 35 35 35 35 35
68 67 67 67 67 67 66 66 66 66 65 65 65 65 64 64 64 64 64 64 64 63 63 63 63 62 62 62 61 61 60 60 60 59 59 59 58 58 57 57 57 57 56 56 55 55 54 54 53 53 52 52 51 51 50 49 49 48 47 46 46 45 44 44 44 43 42 42 42 41 40 40 40 40 39 39 40 40 40 39 39 38 37 37 36 36 36 36 35 35 35 35 35 35 35 35
67 67 67 67 67 67 66 66 66 66 65 65 65 64 64 64 64 64 64 63 63 63 63 63 63 62 62 61 61 61 60 60 60 59 59 58 58 58 57 57 57 57 56 56 56 55 55 54 54 53 52 52 51 51 50 49 49 48 47 46 46 45 44 44 44 43 43 42 42 42 41 40 40 40 40 40 40 41 40 40 40 39 38 37 37 36 36 36 36 36 35 35 35 36 36 36
67 67 67 67 67 66 66 66 66 65 65 65 64 64 64 64 64 64 63 63 63 63 63 63 63 63 62 61 61 61 60 60 59 59 59 58 58 58 57 57 57 57 56 56 56 55 55 54 54 54 53 52 52 51 50 50 49 48 47 47 46 45 44 44 44 43 43 42 42 42 41 41 40 40 40 41 41 41 41 40 40 39 38 37 37 36 36 36 36 36 36 36 36 36 36 36
67 67 67 67 66 66 66 66 65 65 65 64 64 64 64 64 64 64 63 63 63 63 63 63 63 63 62 61 61 61 60 60 59 59 59 58 58 58 57 57 57 57 56 56 56 55 55 54 54 54 53 52 52 51 50 50 49 49 47 47 46 45 44 44 44 44 43 43 42 42 41 41 40 40 41 41 41 41 41 41 40 40 38 38 37 37 36 36 36 36 36 36 36 36 36 36
67 67 67 66 66 66 66 66 65 65 65 64 64 64 64 64 63 63 63 63 63 63 63 63 63 63 62 61 61 60 60 60 59 59 58 58 58 58 57 57 57 57 56 56 56 56 55 55 54 54 53 52 52 51 50 50 49 49 47 47 46 45 44 44 44 44 43 43 43 42 41 41 41 40 41 41 41 41 41 41 40 40 39 38 37 37 36 36 36 36 36 36 36 36 36 36
67 67 66 66 66 66 65 65 65 65 64 64 64 64 63 63 63 63 63 63 63 63 63 63 63 62 61 61 60 60 60 59 59 59 58 58 58 58 57 57 57 57 56 56 56 56 55 55 55 54 53 53 52 52 51 50 50 49 48 47 47 46 45 45 44 44 44 43 43 43 42 42 41 41 41 42 42 42 41 41 41 40 39 39 38 38 37 36 36 36 36 36 36 36 36 36
67 66 66 66 66 66 65 65 65 65 64 64 64 64 63 63 63 63 63 63 63 63 63 63 63 62 61 60 60 60 59 59 59 59 58 58 58 57 57 57 57 57 56 56 56 56 56 55 55 55 53 53 52 52 51 50 50 49 48 48 47 46 45 45 45 45 44 44 43 43 42 42 42 42 42 42 42 42 41 41 41 40 39 39 38 38 37 36 36 36 36 37 37 37 37 37
66 66 66 66 66 66 65 65 65 64 64 64 64 64 63 63 63 63 63 63 63 63 63 63 62 62 61 60 60 60 59 59 59 58 58 58 57 57 57 57 57 57 56 56 56 56 56 56 55 55 54 53 53 52 51 50 50 49 48 48 47 47 46 45 45 45 44 44 44 43 43 43 42 42 42 42 42 42 42 41 41 41 40 39 39 38 37 37 37 37 37 37 37 37 37 37
66 66 66 66 66 65 65 65 65 64 64 64 63 63 63 63 63 63 63 63 63 63 63 62 62 61 61 60 60 60 59 59 59 58 58 58 57 57 57 57 57 57 56 56 56 56 56 56 56 55 54 53 53 52 51 51 50 50 49 48 48 47 46 46 45 45 45 44 44 44 43 43 43 43 42 42 42 42 42 42 41 41 40 40 39 39 37 37 37 37 37 37 37 37 37 37
66 66 66 65 65 65 65 64 64 64 63 63 63 63 63 63 63 63 63 62 62 62 62 62 61 61 60 60 60 60 59 59 59 58 57 57 57 57 57 57 57 57 56 56 56 56 56 56 56 55 54 53 53 52 51 51 50 50 49 49 48 48 47 47 46 46 45 45 45 44 44 44 43 43 43 43 42 42 42 42 41 41 40 40 40 39 38 38 38 37 38 38 38 38 37 37
66 66 65 65 65 65 64 64 64 64 63 63 63 63 63 62 62 62 62 62 62 62 61 61 61 61 60 60 60 59 59 59 59 58 58 57 57 57 57 57 57 57 56 56 56 56 56 56 56 55 54 53 53 52 51 51 50 50 49 49 48 48 47 47 46 46 46 45 45 45 44 44 44 43 43 43 43 42 42 42 42 41 41 40 40 40 39 38 38 38 38 38 38 38 38 38
66 66 65 65 65 65 64 64 64 63 63 63 63 63 62 62 62 62 62 62 61 61 61 61 60 60 60 60 60 59 59 59 59 58 58 57 57 57 57 57 57 56 56 56 56 56 56 56 55 55 54 53 53 52 51 51 51 50 49 49 49 48 47 47 47 46 46 45 45 45 44 44 44 44 43 43 43 43 42 42 42 41 41 41 40 40 39 39 39 39 38 38 38 38 38 38
66 66 65 65 65 64 64 64 63 63 63 63 62 62 62 62 62 61 61 61 61 61 60 60 60 60 60 59 59 59 59 59 59 58 58 57 57 57 57 57 57 56 56 56 56 56 56 56 55 55 54 53 53 52 51 51 51 50 49 49 49 48 48 47 47 47 46 46 45 45 45 44 44 44 43 43 43 43 42 42 42 42 41 41 41 40 40 39 39 39 39 39 38 38 38 38
66 65 65 64 64 64 63 63 63 62 62 62 62 62 61 61 61 61 60 60 60 60 60 59 59 59 59 59 59 59 59 59 59 58 58 58 57 57 57 57 56 56 56 56 56 55 55 55 55 54 53 53 53 52 51 51 51 50 50 49 49 49 48 48 47 47 46 46 46 46 45 45 45 44 44 44 43 43 43 42 42 42 42 41 41 41 41 40 40 40 39 39 39 39 39 38
65 65 64 64 64 63 63 63 62 62 62 62 61 61 61 61 60 60 60 60 60 60 59 59 59 59 59 59 59 59 59 59 59 58 58 58 58 57 57 56 56 56 56 56 55 55 55 55 54 54 53 53 53 52 51 51 51 50 50 49 49 49 48 48 47 47 47 46 46 46 45 45 45 44 44 44 44 43 43 43 42 42 42 42 41 41 41 41 40 40 40 39 39 39 39 39
64 64 64 64 63 63 63 62 62 62 61 61 61 61 60 60 60 60 60 59 59 59 59 59 59 58 58 58 58 58 59 59 58 58 58 58 58 57 57 56 56 56 56 55 55 55 55 54 54 54 53 53 52 52 51 51 51 50 50 49 49 49 48 48 48 47 47 46 46 46 45 45 45 45 44 44 44 43 43 43 43 42 42 42 42 42 41 41 41 41 40 40 40 39 39 39
64 64 63 63 63 63 62 62 62 61 61 61 61 60 60 60 60 60 59 59 59 59 58 58 58 58 58 58 58 58 58 58 58 58 58 58 58 57 57 56 56 56 55 55 55 55 54 54 54 54 53 53 52 52 51 51 51 50 50 49 49 49 48 48 48 47 47 47 46 46 46 45 45 45 44 44 44 44 43 43 43 43 42 42 42 42 42 42 41 41 40 40 40 40 39 39
63 63 63 62 62 62 61 61 61 61 60 60 60 60 59 59 59 59 58 58 58 58 58 57 57 57 57 57 57 57 58 58 58 58 58 58 57 57 56 56 56 55 55 55 55 54 54 54 53 53 53 52 52 52 51 51 51 50 50 50 49 49 49 48 48 48 47 47 47 46 46 46 45 45 45 44 44 44 43 43 43 43 43 42 42 42 42 42 42 41 41 40 40 40 39 39
63 63 62 62 62 61 61 61 60 60 60 59 59 59 59 59 59 58 58 58 58 57 57 57 57 57 56 56 56 57 57 58 58 58 57 57 57 57 56 56 55 55 55 55 54 54 54 53 53 53 53 52 52 52 51 51 50 50 50 50 50 49 49 48 48 48 47 47 47 46 46 46 45 45 45 44 44 44 44 43 43 43 43 43 42 42 42 42 42 41 41 40 40 40 40 39
62 62 62 62 61 61 60 60 60 60 59 59 59 59 59 58 58 58 58 57 57 57 57 56 56 56 56 56 56 56 57 57 57 57 57 57 57 56 56 56 55 55 55 54 54 54 53 53 53 53 52 52 52 52 51 51 50 50 50 50 50 49 49 49 48 48 47 47 47 47 46 46 46 45 45 45 44 44 44 43 43 43 43 43 42 42 42 42 42 41 41 40 40 40 40 39
62 62 61 61 61 61 60 60 60 59 59 59 58 58 58 58 58 58 57 57 57 56 56 56 56 56 56 56 56 56 56 56 57 57 57 56 56 56 56 55 55 55 54 54 54 54 53 53 53 53 52 52 52 52 51 51 50 50 50 50 50 49 49 49 48 48 48 47 47 47 46 46 46 45 45 45 45 44 44 44 43 43 43 43 42 42 42 42 42 41 41 40 40 40 40 39
61 61 61 60 60 60 59 59 59 58 58 58 58 58 58 58 58 57 57 57 56 56 56 56 56 56 56 56 56 56 56 56 56 56 56 56 56 56 55 55 55 55 54 54 54 53 53 53 53 53 52 52 52 51 51 51 50 50 50 50 50 50 49 49 49 48 48 47 47 47 46 46 46 46 45 45 45 45 44 44 43 43 43 42 42 42 42 41 41 41 40 40 40 40 39 39
61 61 60 60 60 59 59 58 58 58 58 58 58 57 57 57 57 57 57 56 56 56 56 56 56 56 56 56 56 56 55 56 56 56 56 56 55 55 55 55 55 54 54 54 53 53 53 53 52 52 52 52 52 51 51 51 50 50 50 50 50 50 49 49 49 48 48 48 47 47 47 46 46 46 45 45 45 45 44 44 43 43 43 42 42 42 41 41 41 41 40 40 40 40 39 39
61 60 60 60 59 59 58 58 58 58 58 57 57 57 57 57 57 57 57 56 56 56 56 56 56 56 56 55 55 55 55 55 55 55 55 55 55 55 55 55 54 54 54 54 53 53 53 53 52 52 52 52 51 51 51 51 50 50 50 50 50 50 49 49 49 48 48 48 47 47 47 46 46 46 45 45 45 45 44 44 43 43 43 42 42 41 41 41 41 41 40 40 40 39 39 39
60 60 60 59 59 59 58 58 57 57 57 57 57 57 57 57 57 57 57 56 56 56 56 56 56 55 55 55 55 55 55 55 55 55 55 55 55 55 55 54 54 54 54 53 53 53 53 52 52 52 52 52 51 51 51 51 50 50 50 50 50 50 49 49 49 48 48 48 47 47 47 47 46 46 45 45 45 45 44 44 43 43 42 42 42 41 41 41 41 41 40 40 40 39 39 39
60 60 59 59 58 58 57 57 57 57 57 57 57 57 57 57 57 57 57 56 56 56 56 55 55 55 55 55 55 55 55 55 55 55 55 55 55 54 54 54 54 54 54 54 53 53 53 52 52 52 52 51 51 51 51 50 50 50 50 50 50 50 49 49 49 48 48 48 48 47 47 47 46 46 46 45 45 45 44 44 43 43 42 42 42 41 41 41 41 41 40 40 40 39 39 39
