inputs/dem.asc
ncols         404
nrows         404
xllcorner     4681261
yllcorner     2523693
cellsize      1
NODATA_value  -9999
[rows 220 to 274 of 404, columns 96 to 191 of 404]
71 71 70 70 70 70 69 69 69 68 68 68 67 67 67 67 67 67 66 66 66 66 65 65 65 65 65 65 65 65 65 65 65 65 65 65 65 65 64 64 64 64 63 63 63 63 62 62 62 62 61 61 60 60 60 59 59 59 58 58 58 57 57 56 56 56 55 54 54 53 53 52 52 51 51 51 51 51 50 50 50 50 50 50 50 50 50 50 50 50 50 50 50 50 50 50
71 71 70 70 70 70 69 69 69 69 68 68 68 68 67 67 67 67 67 67 66 66 66 66 65 65 65 65 65 65 65 65 65 65 65 65 65 65 65 65 64 64 64 63 63 63 63 62 62 62 61 61 61 61 60 60 60 59 59 58 58 58 57 57 56 56 55 55 54 54 53 53 52 52 51 51 51 51 51 51 50 50 50 50 50 50 50 50 50 50 51 51 51 51 51 51
72 71 70 70 70 70 70 69 69 69 68 68 68 68 68 67 67 67 67 67 67 66 66 66 66 66 65 65 65 65 65 65 65 65 65 65 65 65 65 65 64 64 64 63 63 63 63 62 62 62 62 61 61 61 60 60 60 59 59 59 58 58 57 57 56 56 55 55 54 54 53 53 52 52 51 51 51 51 51 51 51 51 51 51 51 51 51 51 51 51 51 51 51 51 52 51
72 71 71 70 70 70 70 70 69 69 68 68 68 68 68 68 67 67 67 67 67 67 66 66 66 66 66 66 66 66 66 66 66 66 65 65 65 65 65 65 65 64 64 64 63 63 63 63 62 62 62 62 61 61 61 60 60 60 59 59 58 58 57 57 57 56 55 55 55 54 53 53 53 52 52 51 51 51 51 51 51 51 51 51 51 51 51 51 51 51 51 51 52 52 52 52
72 72 71 71 70 70 70 70 69 69 69 68 68 68 68 68 68 68 67 67 67 67 67 66 66 66 66 66 66 66 66 66 66 66 66 66 65 65 65 65 65 64 64 64 63 63 63 63 63 62 62 62 62 61 61 61 60 60 59 59 59 58 58 57 57 56 56 55 55 54 54 53 53 53 52 52 51 51 51 51 51 51 51 51 51 51 51 51 51 51 52 52 52 52 52 52
72 72 71 71 71 71 70 70 70 70 69 69 69 69 68 68 68 68 68 68 67 67 67 67 67 67 66 66 66 66 66 66 66 66 66 66 65 65 65 65 65 64 64 64 64 63 63 63 63 63 63 62 62 62 61 61 61 60 60 59 59 59 58 58 57 57 56 56 55 55 54 54 54 54 53 53 53 52 52 52 52 52 52 52 52 52 52 52 52 52 52 52 52 52 52 52
73 72 72 71 71 71 71 70 70 70 70 69 69 69 69 68 68 68 68 68 68 68 67 67 67 67 67 67 66 66 66 66 66 66 66 66 65 65 65 65 65 64 64 64 64 63 63 63 63 63 63 63 62 62 62 61 61 61 60 60 59 59 58 58 57 57 56 56 56 55 55 54 54 54 53 53 53 53 52 52 52 52 52 52 52 52 52 52 52 52 52 53 53 53 53 52
73 72 72 72 71 71 71 71 70 70 70 70 69 69 69 69 69 68 68 68 68 68 68 67 67 67 67 67 67 67 66 66 66 66 66 66 65 65 65 65 65 64 64 64 64 64 63 63 63 63 63 63 63 62 62 62 61 61 60 60 59 59 58 58 57 57 56 56 56 55 55 55 55 54 54 54 53 53 53 53 53 53 53 53 53 53 53 53 53 53 53 53 53 53 53 53
73 73 72 72 72 71 71 71 71 70 70 70 70 70 69 69 69 69 68 68 68 68 68 68 67 67 67 67 67 67 66 66 66 66 66 66 66 65 65 65 65 64 64 64 64 64 63 63 63 63 63 63 63 63 62 62 61 61 60 60 59 59 58 58 58 57 57 56 56 56 55 55 55 55 54 54 54 54 53 53 53 53 53 53 53 53 53 53 53 53 53 53 53 53 53 53
73 73 73 72 72 72 71 71 71 71 71 70 70 70 70 69 69 69 69 69 69 68 68 68 68 68 67 67 67 67 67 67 66 66 66 66 66 65 65 65 65 64 64 64 64 64 63 63 63 63 63 63 63 63 63 62 62 61 61 60 60 59 59 58 58 58 57 57 56 56 56 56 55 55 55 55 55 55 54 54 54 54 54 54 54 54 54 54 54 54 54 54 54 53 53 53
73 73 73 72 72 72 71 71 71 71 71 71 71 70 70 69 69 69 69 69 69 69 68 68 68 68 67 67 67 67 67 67 67 66 66 66 66 65 65 65 65 64 64 64 64 64 64 63 63 63 63 63 63 63 63 62 62 62 61 60 60 60 59 58 58 58 57 57 57 56 56 56 56 56 55 55 55 55 55 55 55 54 54 54 54 54 54 54 54 54 54 54 54 54 54 54
73 73 73 73 72 72 72 71 71 71 71 71 71 71 70 70 69 69 69 69 69 69 69 68 68 68 68 67 67 67 67 67 67 66 66 66 66 66 65 65 65 64 64 64 64 64 64 64 63 63 63 63 63 63 63 63 62 62 61 61 60 60 59 59 58 58 57 57 57 57 56 56 56 56 56 55 55 55 55 55 55 55 55 55 55 55 54 54 54 54 54 54 54 54 54 54
73 73 73 73 73 72 72 71 71 71 71 71 71 71 70 70 69 69 69 69 69 69 69 68 68 68 68 68 67 67 67 67 67 67 66 66 66 66 65 65 65 64 64 64 64 64 64 64 64 64 63 63 63 63 63 63 62 62 61 61 60 60 59 59 59 58 58 58 57 57 57 57 56 56 56 56 56 56 55 55 55 55 55 55 55 55 55 55 55 55 54 54 54 54 54 54
73 73 73 73 73 73 72 72 71 71 71 71 71 70 70 70 69 69 69 69 69 69 69 68 68 68 68 68 68 67 67 67 67 67 66 66 66 66 66 65 65 65 64 64 64 64 64 64 64 64 63 63 63 63 63 63 63 62 61 61 61 60 60 59 59 59 58 58 58 58 57 57 57 57 57 56 56 56 56 56 56 56 56 56 56 56 56 55 55 55 55 55 55 55 55 54
73 73 73 73 73 73 72 72 71 71 71 71 70 70 70 69 69 69 69 69 69 69 68 68 68 68 68 68 68 67 67 67 67 67 66 66 66 66 66 65 65 65 64 64 64 64 64 64 64 64 64 63 63 63 63 63 63 62 61 61 61 60 60 59 59 59 58 58 58 58 58 57 57 57 57 57 57 56 56 56 56 56 56 56 56 56 56 56 56 56 55 55 55 55 55 55
73 73 73 73 73 73 72 71 71 71 70 70 70 70 69 69 69 69 69 69 69 68 68 68 68 68 68 68 67 67 67 67 67 67 66 66 66 66 66 66 65 65 65 64 64 64 64 64 64 64 64 63 63 63 63 63 63 62 61 61 61 60 60 60 59 59 59 58 58 58 58 58 58 58 57 57 57 57 57 57 57 57 57 57 57 57 56 56 56 56 56 56 55 55 55 55
73 73 73 73 73 73 72 71 71 71 70 70 70 70 69 69 69 69 69 68 68 68 68 68 68 68 68 68 67 67 67 67 67 67 66 66 66 66 66 66 65 65 65 64 64 64 64 64 64 64 64 63 63 63 63 63 63 62 61 61 61 60 60 60 59 59 59 59 59 58 58 58 58 58 58 57 57 57 57 57 57 57 57 57 57 57 57 57 56 56 56 56 56 55 55 55
73 73 73 73 72 72 71 71 70 70 70 70 69 69 69 69 68 68 68 68 68 68 68 68 68 68 67 67 67 67 67 67 67 67 66 66 66 66 66 66 66 65 65 65 65 64 64 64 64 64 64 63 63 63 63 63 62 62 61 61 61 61 60 60 60 59 59 59 59 59 59 59 58 58 58 58 58 58 58 58 58 58 57 57 57 57 57 57 57 57 57 56 56 56 56 55
73 73 72 72 72 72 71 71 70 70 70 69 69 69 69 68 68 68 68 68 68 68 68 68 68 67 67 67 67 67 67 67 67 66 66 66 66 66 66 66 66 65 65 65 65 64 64 64 64 64 64 63 63 63 63 63 62 62 61 61 61 61 60 60 60 59 59 59 59 59 59 59 59 59 59 58 58 58 58 58 58 58 58 58 57 57 57 57 57 57 57 57 57 56 56 56
73 72 72 72 72 71 71 70 70 70 69 69 69 69 68 68 68 68 68 68 67 67 67 67 67 67 67 67 67 67 67 66 66 66 66 66 66 66 66 66 66 65 65 65 65 65 64 64 64 64 64 64 63 63 63 62 62 62 61 61 61 61 60 60 60 59 59 59 59 59 59 59 59 59 59 59 59 58 58 58 58 58 58 58 58 58 57 57 57 57 57 57 57 56 56 56
72 72 72 71 71 71 70 70 70 69 69 69 69 68 68 68 68 68 67 67 67 67 67 67 67 67 67 67 67 67 66 66 66 66 66 66 66 66 66 66 66 65 65 65 65 65 64 64 64 64 64 64 63 63 63 62 62 62 61 61 61 61 60 60 60 60 59 59 59 59 59 59 59 59 59 59 59 59 58 58 58 58 58 58 58 58 57 57 57 57 57 57 57 57 56 56
72 72 71 71 70 70 70 69 69 69 68 68 68 68 67 67 67 67 67 67 66 66 66 66 66 66 66 66 66 66 66 66 66 66 66 66 66 66 65 65 65 65 65 65 65 65 64 64 64 64 64 64 63 63 63 62 62 62 61 61 61 61 60 60 60 60 59 59 59 59 59 59 59 59 59 59 59 58 58 58 58 58 58 58 58 58 58 57 57 57 57 57 57 57 56 56
71 71 71 70 70 70 69 69 69 69 68 68 68 67 67 67 67 67 66 66 66 66 66 66 66 66 66 66 66 66 66 66 66 66 66 65 65 65 65 65 65 65 65 65 65 65 65 64 64 64 64 64 63 63 63 62 62 62 61 61 61 61 60 60 60 60 60 59 59 59 59 59 59 59 59 59 59 58 58 58 58 58 58 58 58 58 57 57 57 57 57 57 57 56 56 56
71 71 70 70 70 69 69 69 69 68 68 68 67 67 67 67 66 66 66 66 66 66 66 66 66 66 66 66 66 66 65 65 65 65 65 65 65 65 65 65 65 65 65 65 65 65 65 64 64 64 64 64 64 63 63 63 62 62 61 61 61 61 60 60 60 60 60 59 59 59 59 59 59 59 59 59 59 58 58 58 58 58 58 58 58 58 57 57 57 57 57 57 57 56 56 56
71 71 70 70 69 69 69 69 68 68 67 67 67 67 66 66 66 66 66 66 66 66 65 65 65 65 65 65 65 65 65 65 65 65 65 65 65 65 65 65 65 65 65 65 65 65 64 64 64 64 64 64 64 63 63 63 62 62 61 61 61 61 60 60 60 60 60 59 59 59 59 59 59 59 59 59 58 58 58 58 58 58 58 58 58 58 57 57 57 57 57 57 56 56 56 56
70 70 69 69 69 69 68 68 67 67 67 66 66 66 66 66 65 65 65 65 65 65 65 65 65 65 65 65 65 65 65 65 65 65 65 65 65 65 64 64 64 64 65 65 65 65 64 64 64 64 64 64 64 64 63 63 63 62 62 61 61 61 60 60 60 59 59 59 59 59 59 59 59 59 59 59 58 58 58 58 58 58 58 58 57 57 57 57 57 57 57 56 56 56 56 56
70 70 69 69 68 68 68 67 67 67 66 66 66 66 65 65 65 65 65 65 65 65 65 65 65 65 64 64 64 64 64 64 64 64 64 64 64 64 64 64 64 64 64 64 64 64 64 64 64 64 64 64 64 64 63 63 63 62 62 61 61 61 60 60 59 59 59 59 59 59 59 59 59 59 59 59 58 58 58 58 58 58 57 57 57 57 57 57 57 57 56 56 56 56 56 55
70 69 69 68 68 68 67 67 67 66 66 66 65 65 65 65 65 65 64 64 64 64 64 64 64 64 64 64 64 64 64 64 64 64 64 64 64 64 64 64 64 64 64 64 64 64 64 64 64 64 64 64 64 64 63 63 63 62 62 61 61 61 60 60 59 59 59 59 59 59 59 59 59 59 59 58 58 58 58 58 58 58 57 57 57 57 57 57 57 56 56 56 56 56 55 55
69 69 68 68 68 67 67 66 66 66 65 65 65 65 64 64 64 64 64 64 64 64 64 64 64 64 64 64 64 64 64 64 64 64 64 64 64 64 64 64 64 64 64 64 64 64 64 64 64 64 64 64 64 64 63 63 63 62 62 61 61 61 60 59 59 59 59 59 59 59 59 59 59 59 59 58 58 58 58 58 58 57 57 57 57 57 57 57 56 56 56 56 56 56 55 55
69 68 68 67 67 67 66 66 65 65 64 64 64 64 63 63 63 63 63 63 63 63 63 63 63 63 63 63 63 63 63 63 63 63 63 63 63 63 63 63 63 63 63 64 64 64 64 64 64 64 64 64 64 64 63 63 63 62 61 61 61 60 60 59 59 59 59 59 59 59 59 59 59 59 58 58 58 58 58 58 57 57 57 57 57 57 56 56 56 56 56 55 55 55 55 55
68 68 67 67 67 66 66 65 65 64 64 63 63 63 63 63 63 63 63 63 63 63 63 63 63 63 63 63 63 63 63 63 63 63 63 63 63 63 63 63 63 63 63 63 63 63 64 64 64 64 64 64 63 63 63 63 63 62 61 61 61 60 60 59 59 59 59 59 59 59 59 58 58 58 58 58 58 58 58 57 57 57 57 57 57 56 56 56 56 56 55 55 55 55 55 55
68 68 67 67 66 66 65 65 64 64 63 63 63 62 62 62 62 62 62 62 62 62 62 62 62 62 62 62 62 62 62 62 62 62 62 62 63 63 63 63 63 63 63 63 63 63 63 63 63 63 63 63 63 63 63 63 62 62 61 61 61 60 60 59 59 59 59 59 59 59 58 58 58 58 58 58 58 58 57 57 57 57 57 56 56 56 56 56 56 55 55 55 55 55 54 54
68 67 67 66 66 65 65 64 64 63 63 62 62 62 62 62 62 62 62 62 62 62 62 62 62 62 62 62 62 62 62 62 62 62 62 62 62 62 62 62 62 62 62 63 63 63 63 63 63 63 63 63 63 63 63 63 62 62 61 61 61 60 60 59 59 59 59 59 58 58 58 58 58 58 58 58 57 57 57 57 57 57 56 56 56 56 56 56 55 55 55 55 55 54 54 54
67 67 66 66 65 65 64 63 63 62 61 61 61 60 60 61 61 61 61 61 61 61 61 61 61 61 61 61 61 61 61 61 61 61 61 61 61 61 61 62 62 62 62 62 62 62 63 63 63 63 63 63 63 63 62 62 62 61 61 61 60 60 59 59 59 59 58 58 58 58 58 57 57 57 57 57 57 57 56 56 56 56 56 56 55 55 55 55 55 55 54 54 54 54 54 53
67 66 66 65 65 64 63 63 62 62 61 60 60 60 60 60 60 60 61 61 61 61 61 61 61 61 61 61 61 61 61 61 61 61 61 61 61 61 61 61 61 61 62 62 62 62 62 62 63 63 63 63 63 62 62 62 61 61 61 60 60 60 59 59 59 58 58 58 58 58 57 57 57 57 57 56 56 56 56 56 56 55 55 55 55 55 55 54 54 54 54 54 54 53 53 53
66 66 65 65 64 64 63 62 62 61 60 60 59 59 59 60 60 60 60 60 60 60 60 60 61 61 61 61 61 61 61 61 61 61 60 60 61 61 61 61 61 61 61 61 62 62 62 62 62 62 62 62 62 62 62 61 61 61 60 60 60 60 59 59 58 58 58 58 57 57 57 57 57 56 56 56 56 56 56 55 55 55 55 55 55 55 54 54 54 54 54 53 53 53 53 53
66 66 65 64 64 64 63 62 62 61 60 59 59 59 59 59 59 59 60 60 60 60 60 60 60 60 60 60 60 60 60 60 60 60 60 60 60 60 60 60 61 61 61 61 61 61 62 62 62 62 62 62 62 62 61 61 61 61 60 60 60 59 59 58 58 58 57 57 57 57 56 56 56 56 56 56 56 55 55 55 55 55 54 54 54 54 54 54 54 53 53 53 53 53 52 52
66 65 64 64 63 63 62 61 61 60 59 59 59 58 58 58 59 59 59 59 59 59 59 59 59 59 59 59 59 59 59 59 59 59 59 59 59 59 60 60 60 60 60 61 61 61 61 61 61 62 62 62 61 61 61 61 60 60 60 59 59 59 58 58 58 57 57 56 56 56 56 55 55 55 55 55 55 55 54 54 54 54 54 53 53 53 53 53 53 53 52 52 52 52 52 51
65 65 64 63 63 62 61 61 60 60 59 59 59 58 58 58 58 58 59 59 59 59 59 59 59 59 59 59 59 59 59 59 59 59 59 59 59 59 59 59 60 60 60 60 60 61 61 61 61 61 61 61 61 61 61 61 60 60 59 59 59 59 58 58 57 57 56 56 56 55 55 55 55 55 55 54 54 54 54 54 54 53 53 53 53 53 52 52 52 52 52 52 52 51 51 51
65 64 63 63 63 62 61 60 60 59 59 59 58 58 58 58 58 58 58 58 58 58 58 58 58 58 59 59 59 59 59 58 58 58 58 58 58 58 59 59 59 59 60 60 60 60 61 61 61 61 61 61 61 61 61 60 60 60 59 59 59 58 58 57 57 57 56 55 55 55 55 54 54 54 54 54 54 54 53 53 53 53 53 52 52 52 52 52 52 52 51 51 51 51 51 51
65 64 63 63 62 62 61 60 59 59 59 58 58 58 58 58 58 58 58 58 58 58 58 58 58 58 58 58 58 58 58 58 58 58 58 58 58 58 58 59 59 59 60 60 60 60 61 61 61 61 61 61 61 61 60 60 60 59 59 59 58 58 57 57 57 56 55 55 54 54 54 54 54 54 54 54 54 53 53 53 53 52 52 52 52 52 52 51 51 51 51 51 51 50 50 50
64 63 62 62 61 61 60 59 59 59 58 58 58 58 57 57 57 57 57 57 57 57 57 57 57 57 57 57 57 57 57 57 57 57 57 57 57 57 58 58 58 59 59 59 59 59 60 60 60 61 61 60 60 60 60 59 59 59 58 58 58 57 57 56 56 55 54 54 53 53 53 53 53 53 53 53 53 53 52 52 51 51 51 51 51 51 51 50 50 50 50 50 50 49 49 49
63 63 62 62 61 61 60 59 59 58 58 58 57 57 57 57 57 57 56 56 56 56 56 56 56 57 57 57 57 57 57 57 57 57 57 57 57 57 58 58 58 58 59 59 59 59 60 60 60 60 60 60 60 60 59 59 59 59 58 58 57 57 56 56 55 55 54 53 53 52 52 53 53 53 53 52 52 52 52 51 51 51 50 50 50 50 50 50 50 50 49 49 49 49 49 48
63 63 62 61 61 60 59 59 59 58 58 57 57 57 57 56 56 56 56 56 56 56 56 56 56 56 56 56 56 56 56 56 56 56 57 57 57 57 57 58 58 58 58 58 59 59 59 59 59 60 60 60 59 59 59 59 59 58 58 57 57 57 56 56 55 55 53 53 52 52 52 52 52 52 52 52 52 52 51 51 50 50 50 50 50 50 49 49 49 49 49 49 49 48 48 48
63 62 61 61 60 60 59 59 58 58 57 57 57 56 56 56 56 56 56 55 55 55 55 55 55 55 56 56 56 56 56 56 56 56 56 56 56 57 57 57 57 58 58 58 58 58 59 59 59 59 59 59 59 59 59 58 58 58 57 57 57 56 56 55 55 54 53 53 52 52 52 52 52 52 52 52 52 51 51 50 50 50 49 49 49 49 49 49 49 49 48 48 48 48 48 47
62 61 61 60 60 59 58 58 58 57 56 56 56 56 55 55 55 55 54 54 54 54 54 54 54 54 54 55 55 55 55 55 55 55 55 55 56 56 56 56 57 57 57 57 58 58 58 58 58 58 58 58 58 58 58 58 58 57 57 57 56 56 55 55 54 54 52 52 52 52 52 52 52 52 51 51 51 50 50 49 49 49 48 48 48 48 48 48 48 47 47 47 47 47 46 46
62 61 60 60 59 59 58 58 57 57 56 56 55 55 55 55 54 54 54 54 54 54 54 54 54 54 54 54 54 54 54 54 54 55 55 55 55 55 56 56 56 56 57 57 57 57 58 58 58 58 58 58 58 58 58 57 57 57 57 56 56 56 55 54 54 53 52 52 51 51 51 51 52 51 51 50 50 50 49 49 48 48 48 48 48 48 47 47 47 47 46 46 46 46 46 46
61 61 60 59 59 58 58 57 57 56 56 55 55 55 54 54 54 54 53 53 53 53 53 53 53 53 53 53 53 54 54 54 54 54 54 54 55 55 55 56 56 56 56 57 57 57 57 57 58 58 58 58 58 58 57 57 57 57 56 56 56 55 55 54 54 53 52 52 51 51 51 51 51 51 50 50 50 49 48 48 48 48 47 47 47 47 47 47 47 46 46 46 46 45 45 45
61 60 59 59 59 58 57 57 56 56 55 55 54 54 54 53 53 53 53 53 53 52 52 52 53 53 53 53 53 53 53 53 53 54 54 54 54 54 55 55 55 56 56 56 56 57 57 57 57 57 57 57 57 57 57 57 57 57 56 56 55 55 54 54 53 53 52 52 51 51 51 51 50 50 50 49 49 49 48 48 47 47 47 47 47 47 46 46 46 46 45 45 45 45 45 45
60 60 59 58 58 57 56 56 55 55 54 54 53 53 53 52 52 52 51 51 51 51 51 51 51 51 51 52 52 52 52 52 52 53 53 53 53 53 54 54 55 55 55 56 56 56 56 56 57 57 57 57 57 57 57 56 56 56 56 55 55 55 54 54 53 53 52 51 51 51 50 50 50 49 49 48 48 48 47 47 46 46 46 46 46 46 46 45 45 45 44 44 44 44 44 43
60 59 58 58 57 57 56 55 55 54 53 53 53 53 52 52 51 51 51 50 50 50 50 50 51 51 51 51 51 51 52 52 52 52 52 53 53 53 54 54 54 54 55 55 55 56 56 56 56 56 56 56 56 56 56 56 56 56 55 55 55 54 54 53 53 52 52 51 51 50 50 49 49 49 48 48 48 47 47 46 46 46 46 46 46 46 45 45 45 45 44 44 44 43 43 43
59 59 58 57 57 56 55 55 54 54 53 53 52 52 51 51 51 50 50 50 49 49 50 50 50 50 50 50 50 51 51 51 51 51 52 52 52 53 53 53 54 54 55 55 55 55 56 56 56 56 56 56 56 56 56 56 56 56 55 55 55 54 54 53 53 52 51 51 50 50 49 49 49 48 48 47 47 47 46 46 46 46 46 46 45 45 45 45 45 44 44 44 43 43 43 42
59 59 58 57 56 56 55 54 54 53 52 52 52 51 51 50 50 50 49 49 49 49 49 49 49 49 50 50 50 50 50 51 51 51 51 52 52 52 53 53 53 54 54 54 55 55 55 56 56 56 56 56 56 56 56 56 56 55 55 55 54 54 53 53 53 52 51 51 50 50 49 49 48 48 47 47 47 46 46 46 46 46 45 45 45 45 45 44 44 44 44 43 43 43 42 42
58 58 57 56 56 55 54 53 53 52 51 51 50 50 50 49 49 48 47 47 47 47 48 48 48 48 48 48 49 49 49 49 50 50 50 51 51 51 52 52 53 53 53 54 54 54 55 55 55 56 56 56 56 56 56 56 55 55 55 54 54 54 53 53 52 52 51 50 50 49 48 48 48 47 46 46 46 46 45 45 45 45 45 45 45 44 44 44 44 43 43 43 42 42 42 41
58 57 56 56 55 55 53 53 52 52 51 50 50 50 49 49 48 48 47 47 47 47 47 47 47 47 48 48 48 48 49 49 49 49 50 50 50 51 51 52 52 52 53 53 54 54 55 55 55 55 56 56 56 56 56 55 55 55 55 54 54 54 53 52 52 52 51 50 50 49 48 48 47 47 46 46 45 45 45 45 45 45 45 45 44 44 44 44 43 43 43 42 42 42 41 41
