inputs/dem_proc.asc
ncols         404
nrows         404
xllcorner     4681261.0
yllcorner     2523693.0
cellsize      1.0
NODATA_value  -9999
[rows 204 to 237 of 404, columns 0 to 76 of 404]
35.00 35.00 36.00 36.00 38.00 42.00 49.00 63.00 72.00 72.00 73.00 73.00 73.00 73.00 74.00 74.00 74.00 74.00 75.00 75.00 75.00 76.00 76.00 77.00 77.00 77.00 78.00 78.00 78.00 78.00 79.00 79.00 80.00 80.00 81.00 81.00 82.00 82.00 83.00 83.00 83.00 83.00 83.00 83.00 84.00 84.00 84.00 84.00 84.00 84.00 84.00 84.00 84.00 84.00 84.00 84.00 84.00 84.00 84.00 83.00 83.00 83.00 82.00 82.00 81.00 81.00 81.00 81.00 80.00 80.00 80.00 80.00 80.00 80.00 80.00 80.00 79.00
35.00 35.00 36.00 37.00 38.00 42.00 49.00 63.00 72.00 72.00 72.00 73.00 73.00 73.00 73.00 74.00 74.00 74.00 75.00 75.00 75.00 75.00 76.00 76.00 77.00 77.00 77.00 78.00 78.00 78.00 79.00 79.00 80.00 80.00 81.00 82.00 82.00 83.00 83.00 83.00 84.00 84.00 84.00 84.00 84.00 84.00 84.00 84.00 84.00 84.00 84.00 84.00 84.00 84.00 84.00 84.00 84.00 84.00 84.00 83.00 83.00 83.00 82.00 82.00 81.00 81.00 81.00 81.00 80.00 80.00 80.00 80.00 80.00 80.00 80.00 80.00 79.00
35.00 35.00 36.00 37.00 38.00 42.00 49.00 63.00 72.00 72.00 72.00 72.00 73.00 73.00 73.00 74.00 74.00 74.00 75.00 75.00 75.00 75.00 76.00 76.00 77.00 77.00 77.00 78.00 78.00 78.00 79.00 79.00 80.00 80.00 81.00 82.00 82.00 83.00 83.00 83.00 84.00 84.00 84.00 84.00 84.00 84.00 84.00 84.00 84.00 84.00 84.00 84.00 84.00 84.00 84.00 84.00 84.00 84.00 84.00 83.00 83.00 83.00 82.00 82.00 82.00 81.00 81.00 81.00 80.00 80.00 80.00 80.00 80.00 80.00 80.00 79.00 79.00
35.00 35.00 36.00 37.00 38.00 42.00 49.00 63.00 72.00 72.00 72.00 72.00 72.00 73.00 73.00 73.00 74.00 74.00 74.00 75.00 75.00 75.00 76.00 76.00 76.00 77.00 77.00 78.00 78.00 78.00 79.00 79.00 80.00 80.00 81.00 82.00 82.00 83.00 83.00 83.00 83.00 84.00 84.00 84.00 84.00 84.00 84.00 84.00 84.00 84.00 84.00 84.00 84.00 84.00 84.00 84.00 84.00 84.00 83.00 83.00 83.00 83.00 82.00 82.00 82.00 81.00 81.00 81.00 81.00 80.00 80.00 80.00 80.00 80.00 80.00 79.00 79.00
35.00 35.00 36.00 37.00 38.00 42.00 49.00 63.00 72.00 72.00 72.00 72.00 72.00 72.00 73.00 73.00 73.00 74.00 74.00 75.00 75.00 75.00 76.00 76.00 76.00 77.00 77.00 77.00 78.00 78.00 79.00 79.00 80.00 80.00 81.00 81.00 82.00 82.00 83.00 83.00 83.00 83.00 84.00 84.00 84.00 84.00 84.00 84.00 84.00 84.00 84.00 84.00 84.00 84.00 84.00 84.00 84.00 84.00 83.00 83.00 83.00 83.00 82.00 82.00 82.00 81.00 81.00 81.00 81.00 81.00 80.00 80.00 80.00 80.00 80.00 79.00 79.00
35.00 35.00 36.00 37.00 38.00 42.00 49.00 62.00 71.00 71.00 71.00 71.00 72.00 72.00 72.00 73.00 73.00 74.00 74.00 74.00 74.00 75.00 75.00 76.00 76.00 76.00 77.00 77.00 78.00 78.00 79.00 79.00 79.00 80.00 81.00 81.00 81.00 82.00 82.00 83.00 83.00 83.00 83.00 84.00 84.00 83.00 83.00 83.00 83.00 83.00 84.00 84.00 84.00 84.00 84.00 84.00 84.00 84.00 83.00 83.00 83.00 83.00 82.00 82.00 81.00 81.00 81.00 81.00 81.00 80.00 80.00 80.00 80.00 80.00 80.00 79.00 79.00
35.00 36.00 36.00 37.00 38.00 42.00 49.00 62.00 71.00 71.00 71.00 71.00 71.00 72.00 72.00 73.00 73.00 73.00 74.00 74.00 74.00 75.00 75.00 75.00 76.00 76.00 77.00 77.00 77.00 78.00 79.00 79.00 79.00 80.00 80.00 81.00 81.00 82.00 82.00 83.00 83.00 83.00 83.00 83.00 83.00 83.00 83.00 83.00 83.00 83.00 83.00 83.00 83.00 83.00 83.00 83.00 83.00 83.00 83.00 83.00 83.00 83.00 82.00 82.00 81.00 81.00 81.00 81.00 81.00 80.00 80.00 80.00 80.00 80.00 80.00 79.00 79.00
35.00 36.00 36.00 37.00 38.00 42.00 49.00 62.00 71.00 71.00 71.00 71.00 71.00 71.00 72.00 72.00 73.00 73.00 74.00 74.00 74.00 74.00 75.00 75.00 76.00 76.00 77.00 77.00 77.00 78.00 78.00 79.00 79.00 79.00 80.00 81.00 81.00 81.00 82.00 82.00 83.00 83.00 83.00 83.00 83.00 83.00 83.00 83.00 83.00 83.00 83.00 83.00 83.00 83.00 83.00 83.00 83.00 83.00 83.00 83.00 83.00 83.00 82.00 82.00 81.00 81.00 81.00 81.00 81.00 80.00 80.00 80.00 80.00 80.00 80.00 79.00 79.00
36.00 36.00 36.00 37.00 38.00 42.00 49.00 62.00 71.00 71.00 71.00 71.00 71.00 71.00 71.00 72.00 72.00 73.00 73.00 74.00 74.00 74.00 75.00 75.00 75.00 76.00 76.00 77.00 77.00 78.00 78.00 79.00 79.00 79.00 80.00 80.00 81.00 81.00 82.00 82.00 82.00 83.00 83.00 83.00 83.00 83.00 83.00 83.00 83.00 83.00 83.00 83.00 83.00 83.00 83.00 83.00 83.00 83.00 83.00 83.00 83.00 82.00 82.00 82.00 81.00 81.00 81.00 81.00 81.00 80.00 80.00 80.00 80.00 80.00 79.00 79.00 79.00
36.00 36.00 36.00 37.00 38.00 42.00 49.00 62.00 71.00 71.00 71.00 71.00 71.00 71.00 71.00 71.00 72.00 72.00 73.00 73.00 73.00 74.00 74.00 75.00 75.00 75.00 76.00 76.00 77.00 77.00 78.00 78.00 79.00 79.00 80.00 80.00 80.00 81.00 81.00 82.00 82.00 82.00 82.00 82.00 82.00 82.00 83.00 83.00 83.00 83.00 83.00 83.00 83.00 83.00 83.00 83.00 83.00 82.00 82.00 82.00 82.00 82.00 81.00 81.00 81.00 81.00 81.00 81.00 81.00 81.00 80.00 80.00 80.00 80.00 79.00 79.00 79.00
36.00 36.00 36.00 37.00 38.00 42.00 49.00 60.00 70.00 71.00 71.00 71.00 71.00 71.00 71.00 71.00 71.00 72.00 72.00 73.00 73.00 73.00 74.00 74.00 75.00 75.00 76.00 76.00 77.00 77.00 78.00 78.00 78.00 79.00 79.00 80.00 80.00 80.00 81.00 81.00 81.00 82.00 82.00 82.00 82.00 82.00 82.00 82.00 83.00 83.00 83.00 83.00 83.00 83.00 82.00 82.00 82.00 82.00 82.00 82.00 82.00 82.00 81.00 81.00 81.00 81.00 81.00 81.00 81.00 81.00 80.00 80.00 80.00 80.00 79.00 79.00 79.00
36.00 36.00 36.00 37.00 38.00 42.00 48.00 57.00 66.00 70.00 70.00 70.00 70.00 70.00 71.00 71.00 71.00 71.00 72.00 72.00 73.00 73.00 74.00 74.00 74.00 75.00 76.00 76.00 76.00 77.00 77.00 78.00 78.00 78.00 79.00 79.00 80.00 80.00 81.00 81.00 81.00 81.00 82.00 82.00 82.00 82.00 82.00 82.00 82.00 82.00 82.00 82.00 82.00 82.00 82.00 82.00 82.00 82.00 82.00 82.00 82.00 82.00 81.00 81.00 81.00 81.00 81.00 81.00 81.00 81.00 80.00 80.00 80.00 80.00 79.00 79.00 79.00
36.00 36.00 36.00 37.00 39.00 42.00 47.00 54.00 65.00 70.00 70.00 70.00 70.00 70.00 71.00 71.00 71.00 71.00 72.00 72.00 72.00 73.00 73.00 74.00 74.00 74.00 75.00 76.00 76.00 76.00 77.00 77.00 78.00 78.00 79.00 79.00 79.00 80.00 80.00 80.00 81.00 81.00 81.00 81.00 81.00 81.00 82.00 82.00 82.00 82.00 82.00 82.00 82.00 82.00 82.00 82.00 82.00 82.00 82.00 82.00 82.00 81.00 81.00 81.00 81.00 81.00 81.00 81.00 81.00 81.00 80.00 80.00 80.00 80.00 79.00 79.00 79.00
36.00 36.00 36.00 37.00 39.00 41.00 46.00 53.00 64.00 70.00 70.00 70.00 70.00 70.00 70.00 70.00 70.00 71.00 71.00 71.00 72.00 72.00 73.00 73.00 73.00 74.00 75.00 75.00 75.00 76.00 77.00 77.00 77.00 78.00 78.00 79.00 79.00 79.00 80.00 80.00 80.00 80.00 80.00 80.00 81.00 81.00 81.00 81.00 81.00 81.00 81.00 81.00 81.00 81.00 82.00 82.00 82.00 82.00 82.00 82.00 81.00 81.00 81.00 81.00 81.00 81.00 81.00 81.00 81.00 81.00 80.00 80.00 80.00 80.00 79.00 79.00 79.00
36.00 36.00 36.00 37.00 38.00 41.00 45.00 52.00 63.00 69.00 69.00 69.00 69.00 70.00 70.00 70.00 70.00 70.00 71.00 71.00 71.00 71.00 72.00 73.00 73.00 73.00 74.00 75.00 75.00 75.00 76.00 77.00 77.00 77.00 78.00 79.00 79.00 79.00 79.00 79.00 80.00 80.00 80.00 80.00 80.00 80.00 80.00 81.00 81.00 81.00 81.00 81.00 81.00 81.00 81.00 81.00 81.00 81.00 81.00 81.00 81.00 81.00 81.00 81.00 81.00 81.00 81.00 81.00 81.00 80.00 80.00 80.00 80.00 80.00 79.00 79.00 79.00
36.00 36.00 36.00 37.00 38.00 41.00 45.00 51.00 62.00 69.00 69.00 69.00 69.00 69.00 69.00 69.00 70.00 70.00 70.00 70.00 71.00 71.00 72.00 72.00 73.00 73.00 74.00 74.00 75.00 75.00 76.00 76.00 77.00 77.00 78.00 78.00 79.00 79.00 79.00 79.00 79.00 79.00 79.00 80.00 80.00 80.00 80.00 80.00 80.00 80.00 80.00 81.00 81.00 81.00 81.00 81.00 81.00 81.00 81.00 81.00 81.00 81.00 81.00 81.00 81.00 81.00 81.00 81.00 81.00 80.00 80.00 80.00 80.00 80.00 79.00 79.00 79.00
36.00 36.00 36.00 37.00 38.00 41.00 44.00 51.00 62.00 69.00 69.00 69.00 69.00 69.00 69.00 69.00 69.00 69.00 70.00 70.00 70.00 70.00 71.00 72.00 72.00 73.00 74.00 74.00 74.00 75.00 76.00 76.00 76.00 77.00 78.00 78.00 78.00 79.00 79.00 79.00 79.00 79.00 79.00 79.00 79.00 79.00 80.00 80.00 80.00 80.00 80.00 80.00 80.00 80.00 81.00 81.00 81.00 81.00 81.00 81.00 81.00 81.00 81.00 81.00 81.00 81.00 81.00 81.00 80.00 80.00 80.00 80.00 80.00 80.00 80.00 79.00 79.00
36.00 36.00 36.00 37.00 38.00 40.00 44.00 50.00 61.00 68.00 68.00 68.00 68.00 68.00 68.00 68.00 68.00 68.00 69.00 69.00 69.00 69.00 71.00 71.00 72.00 72.00 73.00 73.00 74.00 74.00 75.00 75.00 76.00 76.00 77.00 77.00 77.00 78.00 78.00 78.00 78.00 78.00 78.00 78.00 79.00 79.00 79.00 79.00 79.00 79.00 79.00 79.00 79.00 80.00 80.00 80.00 80.00 80.00 80.00 80.00 80.00 80.00 80.00 80.00 80.00 80.00 80.00 80.00 80.00 80.00 80.00 80.00 80.00 80.00 80.00 79.00 79.00
36.00 36.00 36.00 37.00 38.00 40.00 44.00 50.00 61.00 68.00 68.00 67.00 67.00 67.00 67.00 68.00 68.00 68.00 68.00 68.00 69.00 69.00 70.00 71.00 71.00 72.00 73.00 73.00 73.00 74.00 75.00 75.00 75.00 76.00 76.00 77.00 77.00 77.00 77.00 77.00 78.00 78.00 78.00 78.00 78.00 78.00 78.00 78.00 79.00 79.00 79.00 79.00 79.00 79.00 79.00 80.00 80.00 80.00 80.00 80.00 80.00 80.00 80.00 80.00 80.00 80.00 80.00 80.00 80.00 80.00 80.00 80.00 80.00 80.00 80.00 79.00 79.00
36.00 36.00 36.00 37.00 38.00 40.00 43.00 49.00 60.00 67.00 67.00 67.00 67.00 67.00 67.00 67.00 67.00 67.00 68.00 68.00 68.00 69.00 70.00 71.00 71.00 71.00 72.00 73.00 73.00 73.00 74.00 75.00 75.00 75.00 76.00 76.00 76.00 77.00 77.00 77.00 77.00 77.00 77.00 78.00 78.00 78.00 78.00 78.00 78.00 78.00 78.00 79.00 79.00 79.00 79.00 79.00 79.00 80.00 80.00 80.00 80.00 80.00 80.00 80.00 80.00 80.00 80.00 80.00 80.00 80.00 80.00 80.00 80.00 80.00 80.00 80.00 79.00
36.00 36.00 36.00 37.00 38.00 40.00 43.00 49.00 60.00 67.00 67.00 67.00 66.00 66.00 66.00 66.00 67.00 67.00 68.00 68.00 68.00 69.00 70.00 70.00 71.00 71.00 72.00 72.00 73.00 73.00 74.00 74.00 75.00 75.00 75.00 76.00 76.00 76.00 76.00 77.00 77.00 77.00 77.00 77.00 77.00 77.00 78.00 78.00 78.00 78.00 78.00 78.00 78.00 78.00 79.00 79.00 79.00 79.00 79.00 80.00 80.00 80.00 80.00 80.00 80.00 80.00 80.00 80.00 80.00 80.00 80.00 80.00 80.00 80.00 80.00 80.00 79.00
36.00 36.00 36.00 37.00 38.00 40.00 43.00 49.00 59.00 66.00 66.00 66.00 66.00 66.00 66.00 66.00 66.00 66.00 67.00 68.00 68.00 68.00 69.00 70.00 70.00 71.00 71.00 72.00 72.00 72.00 73.00 73.00 74.00 74.00 75.00 75.00 75.00 75.00 76.00 76.00 76.00 76.00 76.00 76.00 76.00 77.00 77.00 77.00 77.00 77.00 77.00 77.00 77.00 78.00 78.00 78.00 78.00 79.00 79.00 79.00 79.00 79.00 80.00 80.00 80.00 80.00 80.00 80.00 80.00 80.00 80.00 80.00 80.00 80.00 80.00 79.00 79.00
36.00 36.00 36.00 37.00 38.00 40.00 43.00 48.00 59.00 66.00 66.00 66.00 66.00 66.00 65.00 66.00 66.00 66.00 67.00 67.00 68.00 68.00 69.00 69.00 70.00 70.00 71.00 71.00 72.00 72.00 73.00 73.00 73.00 74.00 74.00 74.00 75.00 75.00 75.00 75.00 76.00 76.00 76.00 76.00 76.00 76.00 76.00 76.00 76.00 76.00 77.00 77.00 77.00 77.00 77.00 78.00 78.00 78.00 79.00 79.00 79.00 79.00 79.00 80.00 80.00 80.00 80.00 80.00 80.00 80.00 80.00 80.00 80.00 80.00 80.00 79.00 79.00
36.00 36.00 36.00 37.00 38.00 40.00 43.00 48.00 59.00 65.00 65.00 65.00 65.00 65.00 65.00 65.00 66.00 66.00 67.00 67.00 68.00 68.00 69.00 69.00 70.00 70.00 71.00 71.00 71.00 72.00 72.00 73.00 73.00 73.00 74.00 74.00 74.00 75.00 75.00 75.00 75.00 75.00 75.00 76.00 76.00 76.00 76.00 76.00 76.00 76.00 76.00 76.00 76.00 77.00 77.00 77.00 78.00 78.00 78.00 78.00 79.00 79.00 79.00 79.00 80.00 80.00 80.00 80.00 80.00 80.00 80.00 80.00 80.00 80.00 80.00 79.00 79.00
36.00 36.00 36.00 37.00 38.00 39.00 42.00 48.00 58.00 65.00 65.00 65.00 65.00 65.00 65.00 65.00 65.00 66.00 67.00 67.00 67.00 68.00 68.00 69.00 69.00 70.00 70.00 71.00 71.00 71.00 72.00 72.00 73.00 73.00 73.00 74.00 74.00 74.00 75.00 75.00 75.00 75.00 75.00 75.00 75.00 75.00 75.00 75.00 75.00 76.00 76.00 76.00 76.00 76.00 77.00 77.00 77.00 77.00 78.00 78.00 78.00 79.00 79.00 79.00 79.00 80.00 80.00 80.00 80.00 80.00 80.00 80.00 80.00 80.00 80.00 79.00 79.00
36.00 36.00 36.00 37.00 38.00 39.00 42.00 48.00 58.00 64.00 64.00 64.00 64.00 65.00 65.00 65.00 65.00 65.00 66.00 66.00 67.00 67.00 68.00 68.00 69.00 69.00 70.00 70.00 71.00 71.00 71.00 72.00 72.00 72.00 73.00 73.00 73.00 73.00 74.00 74.00 74.00 74.00 74.00 74.00 74.00 75.00 74.00 74.00 74.00 74.00 75.00 75.00 75.00 75.00 76.00 76.00 76.00 77.00 77.00 78.00 78.00 78.00 79.00 79.00 79.00 79.00 80.00 80.00 80.00 80.00 80.00 80.00 80.00 80.00 80.00 79.00 79.00
36.00 36.00 37.00 37.00 38.00 39.00 42.00 48.00 57.00 64.00 64.00 64.00 64.00 64.00 65.00 65.00 65.00 65.00 66.00 66.00 66.00 67.00 68.00 68.00 68.00 69.00 70.00 70.00 70.00 70.00 71.00 71.00 72.00 72.00 72.00 73.00 73.00 73.00 73.00 74.00 74.00 74.00 74.00 74.00 74.00 74.00 74.00 74.00 74.00 74.00 74.00 74.00 75.00 75.00 75.00 76.00 76.00 77.00 77.00 78.00 78.00 78.00 79.00 79.00 79.00 79.00 80.00 80.00 80.00 80.00 80.00 80.00 80.00 80.00 79.00 79.00 79.00
36.00 36.00 37.00 37.00 38.00 39.00 42.00 47.00 57.00 63.00 63.00 64.00 64.00 64.00 64.00 64.00 65.00 65.00 66.00 66.00 66.00 67.00 67.00 68.00 68.00 68.00 69.00 69.00 70.00 70.00 71.00 71.00 71.00 72.00 72.00 72.00 73.00 73.00 73.00 73.00 73.00 74.00 74.00 74.00 74.00 74.00 74.00 74.00 74.00 74.00 74.00 74.00 74.00 74.00 75.00 75.00 76.00 76.00 77.00 77.00 78.00 78.00 79.00 79.00 79.00 79.00 80.00 80.00 80.00 80.00 80.00 80.00 80.00 80.00 79.00 79.00 79.00
36.00 36.00 37.00 37.00 38.00 39.00 42.00 47.00 57.00 63.00 63.00 63.00 63.00 63.00 64.00 64.00 64.00 65.00 65.00 66.00 66.00 66.00 67.00 67.00 68.00 68.00 69.00 69.00 69.00 70.00 70.00 71.00 71.00 71.00 72.00 72.00 72.00 72.00 73.00 73.00 73.00 73.00 73.00 73.00 74.00 74.00 73.00 73.00 73.00 74.00 74.00 74.00 74.00 74.00 75.00 75.00 76.00 76.00 77.00 77.00 78.00 78.00 78.00 79.00 79.00 79.00 80.00 80.00 80.00 80.00 80.00 80.00 80.00 80.00 79.00 79.00 79.00
36.00 36.00 37.00 37.00 38.00 39.00 42.00 47.00 56.00 62.00 62.00 62.00 62.00 63.00 63.00 63.00 64.00 64.00 65.00 65.00 65.00 66.00 66.00 67.00 67.00 67.00 68.00 68.00 69.00 69.00 70.00 70.00 70.00 71.00 71.00 71.00 72.00 72.00 72.00 72.00 72.00 73.00 73.00 73.00 73.00 73.00 73.00 73.00 73.00 73.00 73.00 74.00 74.00 74.00 75.00 75.00 76.00 76.00 77.00 77.00 77.00 78.00 78.00 79.00 79.00 79.00 79.00 80.00 80.00 80.00 80.00 80.00 79.00 79.00 79.00 79.00 79.00
36.00 36.00 37.00 37.00 38.00 39.00 42.00 47.00 56.00 61.00 62.00 62.00 62.00 62.00 63.00 63.00 63.00 64.00 64.00 65.00 65.00 65.00 66.00 66.00 67.00 67.00 68.00 68.00 68.00 69.00 69.00 70.00 70.00 70.00 71.00 71.00 71.00 71.00 72.00 72.00 72.00 72.00 73.00 73.00 73.00 73.00 73.00 73.00 73.00 73.00 73.00 74.00 74.00 74.00 75.00 75.00 76.00 76.00 77.00 77.00 77.00 78.00 78.00 78.00 79.00 79.00 79.00 79.00 80.00 80.00 80.00 80.00 79.00 79.00 79.00 79.00 79.00
36.00 36.00 37.00 37.00 38.00 39.00 42.00 46.00 55.00 61.00 61.00 61.00 61.00 62.00 62.00 63.00 63.00 63.00 64.00 64.00 65.00 65.00 66.00 66.00 66.00 67.00 67.00 68.00 68.00 68.00 69.00 69.00 70.00 70.00 70.00 71.00 71.00 71.00 72.00 72.00 72.00 72.00 72.00 72.00 73.00 73.00 73.00 73.00 73.00 73.00 73.00 74.00 74.00 74.00 75.00 75.00 76.00 76.00 77.00 77.00 77.00 78.00 78.00 78.00 79.00 79.00 79.00 79.00 79.00 80.00 79.00 79.00 79.00 79.00 79.00 79.00 79.00
36.00 36.00 37.00 37.00 38.00 39.00 42.00 46.00 55.00 60.00 61.00 61.00 61.00 61.00 62.00 62.00 63.00 63.00 64.00 64.00 64.00 65.00 65.00 66.00 66.00 66.00 67.00 67.00 68.00 68.00 69.00 69.00 69.00 70.00 70.00 70.00 71.00 71.00 71.00 71.00 72.00 72.00 72.00 72.00 72.00 72.00 73.00 73.00 73.00 73.00 73.00 74.00 74.00 74.00 75.00 75.00 76.00 76.00 77.00 77.00 77.00 77.00 78.00 78.00 79.00 79.00 79.00 79.00 79.00 79.00 79.00 79.00 79.00 79.00 79.00 79.00 79.00
36.00 36.00 37.00 37.00 38.00 39.00 41.00 46.00 54.00 59.00 60.00 60.00 60.00 61.00 61.00 62.00 62.00 62.00 63.00 63.00 64.00 64.00 65.00 65.00 65.00 66.00 66.00 67.00 67.00 67.00 68.00 68.00 69.00 69.00 69.00 70.00 70.00 70.00 71.00 71.00 71.00 71.00 72.00 72.00 72.00 72.00 73.00 73.00 73.00 73.00 73.00 74.00 74.00 74.00 75.00 75.00 76.00 76.00 77.00 77.00 77.00 77.00 78.00 78.00 78.00 79.00 79.00 79.00 79.00 79.00 79.00 79.00 79.00 79.00 79.00 79.00 79.00
