inputs/dem_proc.asc
ncols         404
nrows         404
xllcorner     4681261.0
yllcorner     2523693.0
cellsize      1.0
NODATA_value  -9999
[rows 136 to 169 of 404, columns 0 to 76 of 404]
26.00 26.00 28.00 32.00 41.00 48.00 48.00 48.00 49.00 49.00 49.00 49.00 49.00 50.00 50.00 50.00 50.00 50.00 49.00 49.00 49.00 49.00 49.00 48.00 48.00 48.00 48.00 48.00 47.00 47.00 47.00 47.00 47.00 47.00 47.00 47.00 46.00 46.00 46.00 46.00 47.00 47.00 47.00 48.00 49.00 49.00 51.00 51.00 52.00 52.00 53.00 53.00 53.00 54.00 54.00 55.00 55.00 55.00 56.00 56.00 56.00 57.00 57.00 58.00 58.00 58.00 59.00 59.00 60.00 60.00 61.00 61.00 61.00 61.00 62.00 62.00 62.00
26.00 26.00 28.00 32.00 42.00 48.00 49.00 49.00 50.00 50.00 50.00 50.00 50.00 50.00 51.00 51.00 50.00 50.00 50.00 50.00 50.00 50.00 50.00 50.00 50.00 49.00 49.00 49.00 49.00 49.00 48.00 48.00 48.00 48.00 48.00 48.00 48.00 48.00 47.00 47.00 47.00 47.00 48.00 49.00 50.00 50.00 52.00 52.00 53.00 53.00 54.00 54.00 54.00 55.00 55.00 55.00 56.00 56.00 56.00 57.00 57.00 57.00 58.00 58.00 59.00 59.00 60.00 60.00 60.00 61.00 61.00 61.00 62.00 62.00 63.00 63.00 63.00
26.00 27.00 28.00 33.00 42.00 49.00 50.00 50.00 50.00 50.00 50.00 51.00 51.00 51.00 51.00 51.00 51.00 51.00 51.00 51.00 51.00 51.00 50.00 50.00 50.00 50.00 50.00 49.00 49.00 49.00 49.00 49.00 49.00 49.00 48.00 48.00 48.00 48.00 48.00 47.00 47.00 47.00 49.00 49.00 50.00 51.00 52.00 53.00 53.00 53.00 54.00 54.00 55.00 55.00 55.00 56.00 56.00 56.00 57.00 57.00 57.00 58.00 58.00 59.00 59.00 59.00 60.00 60.00 61.00 61.00 62.00 62.00 62.00 62.00 63.00 63.00 63.00
26.00 27.00 29.00 33.00 43.00 49.00 50.00 50.00 51.00 51.00 51.00 51.00 51.00 51.00 51.00 51.00 51.00 51.00 51.00 51.00 51.00 51.00 51.00 51.00 51.00 51.00 50.00 50.00 50.00 50.00 49.00 49.00 49.00 49.00 49.00 49.00 49.00 49.00 48.00 48.00 48.00 48.00 49.00 50.00 51.00 52.00 53.00 53.00 54.00 54.00 55.00 55.00 55.00 55.00 56.00 56.00 56.00 57.00 57.00 57.00 58.00 58.00 59.00 59.00 59.00 60.00 60.00 61.00 61.00 61.00 62.00 62.00 62.00 63.00 63.00 63.00 64.00
27.00 27.00 29.00 33.00 43.00 50.00 50.00 51.00 51.00 51.00 51.00 51.00 52.00 52.00 52.00 52.00 52.00 52.00 52.00 52.00 52.00 52.00 51.00 51.00 51.00 51.00 51.00 51.00 50.00 50.00 50.00 50.00 50.00 50.00 50.00 49.00 49.00 49.00 49.00 49.00 49.00 49.00 50.00 51.00 52.00 52.00 53.00 54.00 54.00 55.00 55.00 55.00 56.00 56.00 56.00 56.00 57.00 57.00 57.00 58.00 58.00 58.00 59.00 59.00 60.00 60.00 61.00 61.00 61.00 62.00 62.00 62.00 63.00 63.00 64.00 64.00 64.00
27.00 27.00 29.00 34.00 43.00 50.00 51.00 51.00 52.00 52.00 52.00 52.00 52.00 53.00 53.00 53.00 53.00 53.00 53.00 53.00 53.00 52.00 52.00 52.00 52.00 52.00 52.00 52.00 51.00 51.00 51.00 51.00 51.00 51.00 51.00 51.00 51.00 51.00 51.00 51.00 51.00 51.00 52.00 53.00 53.00 54.00 55.00 55.00 55.00 56.00 56.00 56.00 56.00 57.00 57.00 57.00 57.00 57.00 58.00 58.00 59.00 59.00 60.00 60.00 60.00 61.00 61.00 62.00 62.00 62.00 63.00 63.00 63.00 64.00 64.00 64.00 65.00
27.00 28.00 30.00 34.00 42.00 51.00 51.00 52.00 52.00 52.00 53.00 53.00 53.00 53.00 53.00 53.00 53.00 53.00 53.00 53.00 53.00 53.00 53.00 53.00 53.00 53.00 52.00 52.00 52.00 52.00 52.00 51.00 51.00 51.00 51.00 51.00 51.00 51.00 51.00 52.00 52.00 52.00 53.00 54.00 54.00 55.00 55.00 56.00 56.00 56.00 57.00 57.00 57.00 57.00 57.00 57.00 57.00 58.00 58.00 59.00 59.00 59.00 60.00 60.00 61.00 61.00 62.00 62.00 62.00 63.00 63.00 63.00 64.00 64.00 64.00 65.00 65.00
27.00 28.00 30.00 34.00 40.00 48.00 52.00 52.00 52.00 53.00 53.00 53.00 53.00 53.00 54.00 54.00 54.00 54.00 54.00 54.00 54.00 53.00 53.00 53.00 53.00 53.00 53.00 53.00 52.00 52.00 52.00 52.00 52.00 52.00 51.00 51.00 51.00 52.00 52.00 52.00 53.00 53.00 54.00 54.00 55.00 55.00 56.00 56.00 57.00 57.00 57.00 57.00 57.00 57.00 57.00 57.00 58.00 58.00 59.00 59.00 59.00 60.00 60.00 61.00 61.00 61.00 62.00 62.00 63.00 63.00 63.00 64.00 64.00 64.00 65.00 65.00 65.00
28.00 28.00 30.00 34.00 39.00 47.00 52.00 52.00 53.00 53.00 53.00 54.00 54.00 54.00 54.00 54.00 54.00 54.00 54.00 54.00 54.00 54.00 54.00 54.00 54.00 53.00 53.00 53.00 53.00 53.00 53.00 52.00 52.00 52.00 52.00 52.00 52.00 52.00 53.00 53.00 54.00 54.00 55.00 55.00 56.00 56.00 57.00 57.00 57.00 57.00 58.00 58.00 58.00 58.00 58.00 58.00 58.00 58.00 59.00 59.00 60.00 60.00 61.00 61.00 61.00 62.00 62.00 63.00 63.00 63.00 64.00 64.00 64.00 65.00 65.00 65.00 66.00
28.00 28.00 30.00 33.00 38.00 47.00 53.00 53.00 53.00 54.00 54.00 54.00 55.00 55.00 55.00 55.00 55.00 55.00 55.00 55.00 55.00 55.00 55.00 55.00 54.00 54.00 54.00 54.00 54.00 54.00 54.00 53.00 53.00 53.00 53.00 52.00 52.00 53.00 54.00 54.00 55.00 55.00 56.00 57.00 57.00 57.00 58.00 58.00 58.00 58.00 59.00 59.00 59.00 59.00 59.00 59.00 59.00 59.00 60.00 60.00 60.00 61.00 61.00 62.00 62.00 62.00 63.00 63.00 63.00 64.00 64.00 65.00 65.00 65.00 66.00 66.00 66.00
28.00 29.00 30.00 33.00 38.00 47.00 53.00 54.00 54.00 54.00 55.00 55.00 55.00 55.00 55.00 55.00 56.00 56.00 56.00 55.00 55.00 55.00 55.00 55.00 55.00 55.00 55.00 55.00 54.00 54.00 54.00 54.00 54.00 54.00 53.00 53.00 53.00 53.00 55.00 55.00 56.00 56.00 57.00 57.00 58.00 58.00 58.00 59.00 59.00 59.00 59.00 59.00 59.00 59.00 59.00 59.00 60.00 60.00 60.00 60.00 61.00 61.00 62.00 62.00 62.00 63.00 63.00 64.00 64.00 64.00 65.00 65.00 65.00 65.00 66.00 66.00 66.00
28.00 29.00 30.00 33.00 38.00 47.00 54.00 54.00 54.00 55.00 55.00 55.00 55.00 56.00 56.00 56.00 56.00 56.00 56.00 56.00 56.00 56.00 56.00 56.00 55.00 55.00 55.00 55.00 55.00 55.00 55.00 55.00 54.00 54.00 54.00 54.00 54.00 54.00 55.00 56.00 56.00 57.00 58.00 58.00 58.00 58.00 59.00 59.00 59.00 60.00 60.00 60.00 60.00 60.00 60.00 60.00 60.00 60.00 60.00 60.00 61.00 61.00 62.00 62.00 63.00 63.00 64.00 64.00 64.00 64.00 65.00 65.00 66.00 66.00 66.00 67.00 67.00
29.00 29.00 30.00 33.00 38.00 48.00 54.00 54.00 55.00 55.00 55.00 56.00 56.00 56.00 56.00 56.00 56.00 56.00 56.00 56.00 56.00 56.00 56.00 56.00 56.00 56.00 56.00 55.00 55.00 55.00 55.00 55.00 55.00 55.00 55.00 55.00 55.00 55.00 56.00 57.00 57.00 57.00 58.00 59.00 59.00 59.00 60.00 60.00 60.00 60.00 60.00 60.00 60.00 60.00 60.00 60.00 60.00 60.00 61.00 61.00 61.00 61.00 62.00 63.00 63.00 63.00 64.00 64.00 64.00 65.00 65.00 66.00 66.00 66.00 67.00 67.00 67.00
29.00 29.00 30.00 33.00 38.00 48.00 55.00 55.00 55.00 56.00 56.00 56.00 57.00 57.00 57.00 57.00 57.00 57.00 57.00 57.00 57.00 57.00 57.00 57.00 57.00 57.00 57.00 56.00 56.00 56.00 56.00 56.00 56.00 56.00 56.00 57.00 57.00 57.00 58.00 58.00 58.00 59.00 59.00 60.00 60.00 60.00 61.00 61.00 61.00 61.00 61.00 61.00 61.00 61.00 61.00 61.00 61.00 61.00 61.00 61.00 62.00 62.00 63.00 63.00 64.00 64.00 64.00 65.00 65.00 65.00 66.00 66.00 66.00 67.00 67.00 67.00 68.00
29.00 29.00 30.00 33.00 38.00 48.00 55.00 56.00 56.00 56.00 57.00 57.00 57.00 57.00 57.00 58.00 58.00 58.00 58.00 58.00 58.00 58.00 58.00 58.00 58.00 57.00 57.00 57.00 57.00 56.00 56.00 56.00 57.00 57.00 57.00 57.00 58.00 58.00 59.00 59.00 59.00 59.00 60.00 60.00 61.00 61.00 61.00 61.00 61.00 61.00 62.00 62.00 62.00 62.00 62.00 62.00 62.00 62.00 62.00 62.00 62.00 62.00 63.00 63.00 64.00 64.00 65.00 65.00 65.00 66.00 66.00 66.00 67.00 67.00 67.00 68.00 68.00
29.00 29.00 30.00 33.00 38.00 48.00 56.00 56.00 56.00 57.00 57.00 57.00 57.00 58.00 58.00 58.00 58.00 58.00 58.00 58.00 58.00 58.00 58.00 58.00 58.00 58.00 58.00 58.00 57.00 57.00 57.00 57.00 57.00 58.00 58.00 58.00 58.00 59.00 59.00 59.00 60.00 60.00 61.00 61.00 61.00 61.00 62.00 62.00 62.00 62.00 62.00 62.00 62.00 62.00 62.00 62.00 62.00 62.00 62.00 62.00 62.00 63.00 63.00 64.00 64.00 64.00 65.00 65.00 66.00 66.00 67.00 67.00 67.00 67.00 68.00 68.00 68.00
29.00 30.00 31.00 33.00 38.00 49.00 56.00 56.00 57.00 57.00 58.00 58.00 58.00 58.00 58.00 58.00 58.00 59.00 59.00 59.00 59.00 59.00 59.00 59.00 59.00 59.00 58.00 58.00 58.00 58.00 58.00 58.00 58.00 58.00 59.00 59.00 59.00 59.00 60.00 60.00 60.00 61.00 61.00 61.00 61.00 62.00 62.00 62.00 62.00 62.00 62.00 62.00 62.00 62.00 62.00 62.00 62.00 62.00 62.00 63.00 63.00 63.00 64.00 64.00 64.00 65.00 65.00 66.00 66.00 66.00 67.00 67.00 67.00 68.00 68.00 68.00 69.00
29.00 30.00 31.00 33.00 38.00 49.00 57.00 57.00 57.00 58.00 58.00 59.00 59.00 59.00 59.00 60.00 60.00 60.00 60.00 60.00 60.00 60.00 60.00 60.00 60.00 60.00 60.00 60.00 59.00 59.00 59.00 60.00 60.00 60.00 60.00 60.00 60.00 61.00 61.00 61.00 61.00 62.00 62.00 62.00 62.00 62.00 63.00 63.00 63.00 63.00 63.00 63.00 63.00 63.00 63.00 63.00 63.00 63.00 63.00 63.00 63.00 64.00 64.00 65.00 65.00 65.00 66.00 66.00 67.00 67.00 67.00 68.00 68.00 68.00 69.00 69.00 69.00
30.00 30.00 31.00 33.00 38.00 49.00 57.00 58.00 58.00 58.00 59.00 59.00 59.00 60.00 60.00 60.00 60.00 60.00 60.00 61.00 61.00 61.00 61.00 61.00 61.00 61.00 60.00 60.00 60.00 60.00 60.00 60.00 60.00 60.00 61.00 61.00 61.00 61.00 62.00 62.00 62.00 62.00 62.00 63.00 63.00 63.00 63.00 63.00 63.00 63.00 63.00 63.00 63.00 63.00 63.00 63.00 63.00 63.00 63.00 63.00 64.00 64.00 65.00 65.00 65.00 66.00 66.00 67.00 67.00 67.00 68.00 68.00 68.00 69.00 69.00 69.00 69.00
30.00 30.00 31.00 33.00 39.00 50.00 57.00 58.00 58.00 59.00 59.00 60.00 60.00 60.00 60.00 61.00 61.00 61.00 61.00 61.00 61.00 61.00 61.00 61.00 61.00 61.00 61.00 61.00 61.00 61.00 61.00 61.00 61.00 61.00 61.00 61.00 62.00 62.00 62.00 62.00 62.00 62.00 63.00 63.00 63.00 63.00 63.00 63.00 64.00 64.00 64.00 64.00 64.00 64.00 64.00 63.00 63.00 63.00 63.00 64.00 64.00 64.00 65.00 65.00 66.00 66.00 67.00 67.00 67.00 67.00 68.00 68.00 69.00 69.00 69.00 70.00 70.00
30.00 30.00 31.00 34.00 39.00 50.00 58.00 58.00 59.00 59.00 60.00 60.00 60.00 61.00 61.00 61.00 61.00 61.00 62.00 62.00 62.00 62.00 62.00 62.00 62.00 62.00 62.00 62.00 62.00 62.00 62.00 62.00 62.00 62.00 62.00 62.00 62.00 62.00 62.00 63.00 63.00 63.00 63.00 63.00 63.00 63.00 64.00 64.00 64.00 64.00 64.00 64.00 64.00 64.00 64.00 64.00 64.00 64.00 64.00 64.00 64.00 64.00 65.00 66.00 66.00 66.00 67.00 67.00 67.00 68.00 68.00 69.00 69.00 69.00 70.00 70.00 70.00
30.00 30.00 31.00 34.00 39.00 51.00 59.00 59.00 60.00 60.00 61.00 61.00 62.00 62.00 62.00 62.00 62.00 63.00 63.00 63.00 63.00 63.00 63.00 63.00 63.00 63.00 63.00 63.00 63.00 63.00 63.00 63.00 63.00 63.00 63.00 63.00 63.00 63.00 63.00 63.00 63.00 63.00 64.00 64.00 64.00 64.00 64.00 64.00 64.00 64.00 65.00 65.00 65.00 65.00 65.00 64.00 64.00 64.00 64.00 64.00 65.00 65.00 66.00 66.00 67.00 67.00 68.00 68.00 68.00 68.00 69.00 69.00 69.00 70.00 70.00 70.00 71.00
30.00 30.00 31.00 34.00 39.00 51.00 59.00 60.00 60.00 60.00 61.00 62.00 62.00 62.00 63.00 63.00 63.00 63.00 63.00 63.00 63.00 63.00 64.00 64.00 64.00 63.00 63.00 63.00 63.00 63.00 63.00 63.00 63.00 63.00 63.00 63.00 63.00 63.00 63.00 64.00 64.00 64.00 64.00 64.00 64.00 64.00 64.00 64.00 64.00 65.00 65.00 65.00 65.00 65.00 65.00 65.00 65.00 64.00 64.00 65.00 65.00 65.00 66.00 67.00 67.00 67.00 68.00 68.00 68.00 69.00 69.00 69.00 70.00 70.00 71.00 71.00 71.00
30.00 31.00 32.00 34.00 40.00 51.00 59.00 60.00 60.00 61.00 62.00 62.00 63.00 63.00 63.00 63.00 64.00 64.00 64.00 64.00 64.00 64.00 64.00 64.00 64.00 64.00 64.00 64.00 64.00 64.00 64.00 64.00 64.00 64.00 64.00 64.00 64.00 64.00 64.00 64.00 64.00 64.00 64.00 64.00 64.00 64.00 64.00 64.00 65.00 65.00 65.00 65.00 65.00 65.00 65.00 65.00 65.00 65.00 65.00 65.00 65.00 66.00 67.00 67.00 67.00 68.00 68.00 68.00 69.00 69.00 69.00 70.00 70.00 70.00 71.00 71.00 71.00
30.00 31.00 32.00 34.00 40.00 52.00 60.00 60.00 61.00 61.00 62.00 63.00 63.00 64.00 64.00 64.00 64.00 64.00 64.00 65.00 65.00 65.00 65.00 65.00 65.00 65.00 65.00 64.00 64.00 64.00 64.00 64.00 64.00 64.00 64.00 64.00 64.00 64.00 64.00 64.00 64.00 64.00 64.00 64.00 64.00 64.00 64.00 65.00 65.00 65.00 65.00 66.00 66.00 66.00 66.00 66.00 66.00 66.00 65.00 65.00 66.00 66.00 67.00 67.00 68.00 68.00 69.00 69.00 69.00 69.00 70.00 70.00 70.00 71.00 71.00 71.00 72.00
31.00 31.00 32.00 34.00 40.00 52.00 61.00 61.00 62.00 62.00 64.00 64.00 65.00 65.00 65.00 65.00 65.00 65.00 66.00 66.00 66.00 66.00 66.00 66.00 66.00 66.00 66.00 65.00 65.00 65.00 65.00 65.00 65.00 65.00 65.00 65.00 65.00 65.00 64.00 64.00 64.00 64.00 64.00 64.00 64.00 64.00 65.00 65.00 65.00 66.00 66.00 66.00 67.00 67.00 67.00 67.00 67.00 67.00 67.00 67.00 67.00 67.00 68.00 68.00 69.00 69.00 69.00 69.00 70.00 70.00 70.00 71.00 71.00 71.00 72.00 72.00 72.00
31.00 31.00 32.00 35.00 40.00 53.00 61.00 61.00 62.00 63.00 64.00 65.00 65.00 66.00 66.00 66.00 66.00 66.00 66.00 66.00 66.00 66.00 66.00 66.00 66.00 66.00 66.00 66.00 66.00 66.00 66.00 66.00 66.00 66.00 65.00 65.00 65.00 65.00 65.00 65.00 65.00 65.00 65.00 65.00 65.00 65.00 65.00 65.00 65.00 66.00 67.00 67.00 67.00 67.00 67.00 67.00 67.00 68.00 68.00 68.00 68.00 68.00 69.00 69.00 69.00 69.00 70.00 70.00 70.00 70.00 71.00 71.00 71.00 71.00 72.00 72.00 73.00
31.00 31.00 32.00 35.00 41.00 53.00 61.00 62.00 62.00 63.00 64.00 65.00 65.00 66.00 66.00 66.00 66.00 66.00 67.00 67.00 67.00 67.00 67.00 67.00 67.00 67.00 66.00 66.00 66.00 66.00 66.00 66.00 66.00 66.00 65.00 65.00 65.00 65.00 65.00 65.00 65.00 65.00 65.00 65.00 65.00 65.00 65.00 65.00 66.00 66.00 67.00 67.00 67.00 68.00 68.00 68.00 68.00 68.00 68.00 68.00 69.00 69.00 69.00 69.00 70.00 70.00 70.00 70.00 70.00 70.00 71.00 71.00 72.00 72.00 72.00 73.00 73.00
31.00 31.00 32.00 35.00 41.00 53.00 62.00 62.00 63.00 63.00 64.00 65.00 65.00 66.00 66.00 66.00 66.00 67.00 67.00 67.00 68.00 68.00 68.00 67.00 67.00 67.00 67.00 67.00 67.00 67.00 66.00 66.00 66.00 66.00 66.00 65.00 65.00 65.00 65.00 65.00 65.00 65.00 65.00 65.00 65.00 65.00 65.00 66.00 66.00 67.00 67.00 68.00 68.00 68.00 68.00 69.00 69.00 69.00 69.00 69.00 69.00 69.00 70.00 70.00 70.00 70.00 71.00 71.00 71.00 71.00 71.00 72.00 72.00 72.00 73.00 73.00 73.00
31.00 31.00 33.00 35.00 41.00 54.00 62.00 63.00 63.00 64.00 65.00 65.00 66.00 66.00 67.00 67.00 67.00 67.00 68.00 68.00 69.00 69.00 69.00 68.00 68.00 68.00 68.00 68.00 67.00 67.00 67.00 67.00 67.00 67.00 66.00 66.00 65.00 65.00 65.00 65.00 65.00 65.00 65.00 66.00 66.00 66.00 66.00 67.00 67.00 67.00 68.00 68.00 69.00 69.00 69.00 70.00 70.00 70.00 70.00 70.00 70.00 71.00 71.00 71.00 71.00 71.00 72.00 72.00 72.00 72.00 72.00 72.00 73.00 73.00 73.00 74.00 74.00
31.00 32.00 33.00 35.00 41.00 52.00 63.00 63.00 64.00 64.00 65.00 66.00 66.00 66.00 67.00 67.00 67.00 68.00 68.00 69.00 69.00 69.00 69.00 69.00 68.00 68.00 68.00 68.00 68.00 68.00 67.00 67.00 67.00 67.00 66.00 66.00 66.00 65.00 65.00 65.00 65.00 65.00 66.00 66.00 66.00 66.00 67.00 67.00 67.00 68.00 68.00 69.00 69.00 69.00 70.00 70.00 70.00 70.00 71.00 71.00 71.00 71.00 71.00 72.00 72.00 72.00 72.00 72.00 72.00 72.00 73.00 73.00 73.00 73.00 74.00 74.00 74.00
31.00 32.00 33.00 36.00 41.00 49.00 59.00 64.00 64.00 65.00 65.00 66.00 66.00 67.00 67.00 67.00 68.00 68.00 69.00 69.00 69.00 69.00 69.00 69.00 69.00 69.00 68.00 68.00 68.00 68.00 68.00 68.00 67.00 67.00 67.00 66.00 66.00 66.00 65.00 65.00 65.00 66.00 66.00 66.00 67.00 67.00 67.00 67.00 68.00 68.00 69.00 69.00 69.00 70.00 70.00 70.00 71.00 71.00 71.00 71.00 72.00 72.00 72.00 72.00 72.00 72.00 73.00 73.00 73.00 73.00 73.00 73.00 74.00 74.00 74.00 74.00 75.00
32.00 32.00 33.00 36.00 40.00 48.00 58.00 64.00 64.00 65.00 66.00 66.00 66.00 67.00 67.00 68.00 68.00 68.00 69.00 69.00 69.00 69.00 69.00 69.00 69.00 69.00 69.00 69.00 68.00 68.00 68.00 68.00 68.00 67.00 67.00 67.00 66.00 66.00 66.00 66.00 66.00 66.00 67.00 67.00 67.00 67.00 68.00 68.00 68.00 68.00 69.00 69.00 70.00 70.00 71.00 71.00 71.00 71.00 72.00 72.00 72.00 72.00 73.00 73.00 73.00 73.00 73.00 73.00 74.00 74.00 74.00 74.00 74.00 74.00 75.00 75.00 75.00
32.00 32.00 33.00 36.00 40.00 47.00 58.00 65.00 65.00 65.00 66.00 67.00 67.00 67.00 68.00 68.00 68.00 69.00 69.00 69.00 69.00 69.00 69.00 69.00 69.00 69.00 69.00 69.00 69.00 69.00 69.00 68.00 68.00 68.00 68.00 68.00 67.00 67.00 67.00 66.00 67.00 67.00 67.00 68.00 68.00 68.00 68.00 69.00 69.00 69.00 70.00 70.00 70.00 71.00 71.00 72.00 72.00 72.00 73.00 73.00 73.00 73.00 73.00 74.00 74.00 74.00 74.00 74.00 75.00 75.00 75.00 75.00 75.00 75.00 76.00 76.00 76.00
