inputs/dem_proc.asc
ncols         404
nrows         404
xllcorner     4681261.0
yllcorner     2523693.0
cellsize      1.0
NODATA_value  -9999
[rows 68 to 101 of 404, columns 77 to 153 of 404]
33.00 33.00 33.00 33.00 33.00 33.00 33.00 33.00 33.00 33.00 33.00 33.00 33.00 33.00 33.00 33.00 33.00 33.00 33.00 32.00 32.00 32.00 32.00 32.00 32.00 32.00 32.00 32.00 32.00 31.00 31.00 31.00 31.00 31.00 31.00 32.00 32.00 32.00 32.00 32.00 32.00 32.00 33.00 33.00 33.00 34.00 35.00 35.00 36.00 37.00 38.00 38.00 39.00 39.00 40.00 40.00 41.00 42.00 43.00 43.00 44.00 45.00 46.00 46.00 47.00 48.00 49.00 50.00 50.00 51.00 51.00 51.00 52.00 53.00 53.00 54.00 54.00
34.00 34.00 34.00 34.00 35.00 35.00 35.00 35.00 35.00 35.00 34.00 34.00 34.00 34.00 34.00 34.00 34.00 34.00 34.00 34.00 33.00 33.00 33.00 32.00 32.00 32.00 32.00 32.00 32.00 32.00 32.00 32.00 32.00 32.00 32.00 32.00 32.00 32.00 32.00 32.00 32.00 33.00 33.00 33.00 33.00 34.00 35.00 36.00 36.00 38.00 38.00 39.00 39.00 40.00 40.00 41.00 41.00 42.00 43.00 44.00 44.00 45.00 46.00 46.00 47.00 48.00 49.00 49.00 50.00 51.00 51.00 52.00 52.00 53.00 54.00 54.00 55.00
35.00 35.00 35.00 35.00 35.00 35.00 35.00 35.00 35.00 35.00 35.00 35.00 35.00 35.00 35.00 35.00 34.00 34.00 34.00 34.00 34.00 33.00 33.00 33.00 33.00 33.00 32.00 32.00 32.00 32.00 32.00 32.00 32.00 32.00 32.00 32.00 32.00 32.00 32.00 32.00 32.00 33.00 33.00 33.00 34.00 35.00 35.00 36.00 37.00 38.00 38.00 39.00 39.00 40.00 41.00 41.00 42.00 43.00 43.00 44.00 44.00 45.00 46.00 46.00 47.00 48.00 49.00 49.00 50.00 51.00 51.00 52.00 52.00 53.00 54.00 54.00 55.00
36.00 36.00 36.00 36.00 36.00 36.00 36.00 36.00 36.00 36.00 36.00 35.00 35.00 35.00 35.00 35.00 35.00 35.00 35.00 35.00 34.00 34.00 34.00 33.00 33.00 33.00 33.00 33.00 32.00 32.00 32.00 32.00 32.00 32.00 32.00 32.00 32.00 32.00 32.00 32.00 33.00 33.00 33.00 33.00 34.00 35.00 36.00 36.00 37.00 38.00 39.00 39.00 40.00 41.00 41.00 42.00 42.00 43.00 43.00 44.00 44.00 46.00 46.00 47.00 47.00 48.00 49.00 49.00 50.00 51.00 52.00 52.00 53.00 54.00 54.00 55.00 55.00
36.00 36.00 36.00 36.00 36.00 36.00 36.00 36.00 36.00 36.00 36.00 36.00 36.00 36.00 36.00 36.00 36.00 35.00 35.00 35.00 35.00 34.00 34.00 34.00 34.00 34.00 33.00 33.00 33.00 32.00 32.00 32.00 32.00 32.00 32.00 32.00 32.00 32.00 33.00 33.00 33.00 33.00 34.00 34.00 34.00 36.00 36.00 37.00 37.00 39.00 39.00 40.00 40.00 41.00 42.00 42.00 42.00 43.00 44.00 44.00 45.00 46.00 46.00 47.00 47.00 48.00 49.00 50.00 50.00 51.00 52.00 52.00 53.00 54.00 54.00 55.00 55.00
37.00 37.00 37.00 37.00 37.00 37.00 37.00 37.00 37.00 37.00 37.00 37.00 37.00 37.00 37.00 37.00 37.00 36.00 36.00 36.00 36.00 35.00 35.00 35.00 35.00 34.00 34.00 34.00 34.00 34.00 33.00 33.00 33.00 33.00 33.00 33.00 33.00 33.00 34.00 34.00 34.00 34.00 35.00 35.00 35.00 36.00 37.00 37.00 38.00 39.00 40.00 40.00 41.00 42.00 42.00 42.00 43.00 43.00 44.00 44.00 45.00 46.00 46.00 47.00 48.00 49.00 49.00 50.00 51.00 52.00 52.00 53.00 53.00 54.00 55.00 55.00 56.00
38.00 38.00 38.00 38.00 38.00 38.00 38.00 38.00 38.00 38.00 38.00 37.00 37.00 37.00 37.00 37.00 37.00 37.00 37.00 36.00 36.00 36.00 36.00 36.00 35.00 35.00 35.00 35.00 34.00 34.00 34.00 34.00 34.00 34.00 34.00 34.00 34.00 34.00 34.00 34.00 34.00 35.00 35.00 35.00 36.00 36.00 37.00 38.00 38.00 39.00 40.00 41.00 41.00 42.00 42.00 42.00 43.00 44.00 44.00 44.00 45.00 46.00 47.00 47.00 48.00 49.00 50.00 50.00 51.00 52.00 52.00 53.00 54.00 55.00 55.00 56.00 56.00
38.00 38.00 38.00 38.00 38.00 38.00 38.00 38.00 38.00 38.00 38.00 38.00 38.00 38.00 38.00 38.00 38.00 37.00 37.00 37.00 37.00 36.00 36.00 36.00 36.00 35.00 35.00 35.00 35.00 34.00 34.00 34.00 34.00 34.00 34.00 34.00 34.00 34.00 35.00 35.00 35.00 35.00 35.00 35.00 36.00 37.00 37.00 38.00 39.00 40.00 40.00 41.00 41.00 42.00 42.00 43.00 43.00 44.00 44.00 45.00 45.00 46.00 47.00 47.00 48.00 49.00 50.00 50.00 51.00 52.00 53.00 53.00 54.00 55.00 55.00 56.00 56.00
39.00 39.00 39.00 39.00 39.00 39.00 39.00 39.00 39.00 39.00 39.00 39.00 39.00 38.00 38.00 38.00 38.00 38.00 38.00 37.00 37.00 37.00 37.00 36.00 36.00 36.00 36.00 35.00 35.00 35.00 35.00 35.00 35.00 35.00 35.00 35.00 35.00 35.00 35.00 35.00 35.00 35.00 36.00 36.00 36.00 37.00 38.00 38.00 39.00 40.00 41.00 41.00 42.00 42.00 42.00 43.00 43.00 44.00 44.00 45.00 45.00 46.00 47.00 47.00 48.00 49.00 50.00 51.00 51.00 52.00 53.00 53.00 54.00 55.00 56.00 56.00 57.00
40.00 40.00 40.00 40.00 40.00 40.00 40.00 40.00 40.00 40.00 40.00 40.00 40.00 39.00 39.00 39.00 39.00 39.00 39.00 38.00 38.00 38.00 37.00 37.00 37.00 37.00 36.00 36.00 36.00 36.00 35.00 35.00 35.00 35.00 35.00 35.00 36.00 36.00 36.00 36.00 36.00 36.00 36.00 36.00 36.00 37.00 38.00 39.00 39.00 41.00 41.00 42.00 42.00 42.00 43.00 43.00 43.00 43.00 44.00 45.00 45.00 47.00 47.00 48.00 48.00 50.00 50.00 51.00 52.00 53.00 53.00 54.00 54.00 55.00 56.00 56.00 57.00
40.00 40.00 40.00 40.00 40.00 40.00 40.00 40.00 40.00 40.00 40.00 40.00 40.00 40.00 40.00 40.00 40.00 39.00 39.00 39.00 39.00 38.00 38.00 38.00 37.00 37.00 37.00 36.00 36.00 36.00 36.00 36.00 36.00 36.00 36.00 36.00 36.00 36.00 36.00 36.00 36.00 37.00 37.00 37.00 37.00 38.00 38.00 39.00 39.00 41.00 41.00 42.00 42.00 42.00 43.00 43.00 43.00 43.00 44.00 45.00 46.00 47.00 47.00 48.00 49.00 50.00 51.00 51.00 52.00 53.00 53.00 54.00 55.00 56.00 56.00 57.00 57.00
41.00 41.00 41.00 41.00 41.00 41.00 41.00 41.00 41.00 41.00 41.00 41.00 41.00 41.00 40.00 40.00 40.00 40.00 40.00 39.00 39.00 38.00 38.00 38.00 38.00 37.00 37.00 37.00 37.00 36.00 36.00 36.00 36.00 36.00 36.00 36.00 36.00 36.00 36.00 37.00 37.00 37.00 37.00 37.00 37.00 38.00 39.00 39.00 40.00 41.00 41.00 42.00 42.00 42.00 43.00 43.00 43.00 43.00 44.00 45.00 46.00 47.00 48.00 48.00 49.00 50.00 51.00 51.00 52.00 53.00 54.00 54.00 55.00 56.00 56.00 57.00 57.00
41.00 41.00 41.00 41.00 41.00 41.00 41.00 41.00 41.00 41.00 41.00 41.00 41.00 41.00 41.00 41.00 41.00 40.00 40.00 40.00 39.00 39.00 39.00 38.00 38.00 38.00 37.00 37.00 37.00 36.00 36.00 36.00 36.00 36.00 36.00 36.00 36.00 36.00 37.00 37.00 37.00 37.00 37.00 38.00 38.00 38.00 39.00 39.00 40.00 41.00 41.00 42.00 42.00 42.00 43.00 43.00 43.00 44.00 44.00 45.00 46.00 47.00 48.00 49.00 49.00 50.00 51.00 52.00 52.00 53.00 54.00 55.00 55.00 56.00 57.00 57.00 57.00
42.00 42.00 42.00 42.00 42.00 42.00 42.00 42.00 42.00 42.00 42.00 42.00 42.00 42.00 42.00 42.00 41.00 41.00 41.00 40.00 40.00 40.00 39.00 39.00 39.00 38.00 38.00 37.00 37.00 37.00 36.00 36.00 36.00 36.00 36.00 36.00 36.00 37.00 37.00 37.00 37.00 38.00 38.00 38.00 38.00 39.00 39.00 40.00 40.00 41.00 41.00 42.00 42.00 42.00 43.00 43.00 43.00 44.00 45.00 46.00 46.00 48.00 48.00 49.00 50.00 51.00 51.00 52.00 53.00 54.00 54.00 55.00 56.00 56.00 57.00 57.00 58.00
42.00 42.00 42.00 42.00 42.00 42.00 42.00 42.00 42.00 42.00 42.00 42.00 42.00 42.00 42.00 42.00 42.00 41.00 41.00 41.00 41.00 40.00 40.00 39.00 39.00 38.00 38.00 38.00 37.00 37.00 37.00 36.00 36.00 36.00 36.00 37.00 37.00 37.00 37.00 37.00 37.00 38.00 38.00 38.00 39.00 39.00 40.00 40.00 40.00 41.00 41.00 42.00 42.00 43.00 43.00 43.00 43.00 45.00 45.00 46.00 47.00 48.00 49.00 49.00 50.00 51.00 52.00 52.00 53.00 54.00 55.00 55.00 56.00 57.00 57.00 58.00 58.00
43.00 43.00 43.00 43.00 43.00 43.00 43.00 43.00 43.00 43.00 43.00 43.00 43.00 42.00 42.00 42.00 42.00 42.00 41.00 41.00 41.00 40.00 40.00 40.00 39.00 39.00 38.00 38.00 37.00 37.00 37.00 37.00 37.00 37.00 37.00 37.00 37.00 37.00 37.00 37.00 37.00 38.00 38.00 38.00 39.00 39.00 40.00 40.00 41.00 41.00 42.00 42.00 42.00 43.00 43.00 43.00 44.00 45.00 46.00 46.00 47.00 48.00 49.00 50.00 50.00 51.00 52.00 53.00 53.00 54.00 55.00 55.00 56.00 57.00 57.00 58.00 58.00
43.00 43.00 43.00 43.00 43.00 43.00 43.00 43.00 43.00 43.00 43.00 43.00 43.00 43.00 43.00 43.00 42.00 42.00 42.00 41.00 41.00 41.00 40.00 40.00 40.00 39.00 38.00 38.00 37.00 37.00 37.00 37.00 37.00 37.00 37.00 37.00 37.00 37.00 37.00 37.00 37.00 38.00 38.00 39.00 39.00 40.00 40.00 40.00 41.00 42.00 42.00 42.00 43.00 43.00 43.00 44.00 44.00 45.00 46.00 47.00 47.00 49.00 49.00 50.00 50.00 52.00 52.00 53.00 53.00 54.00 55.00 56.00 56.00 57.00 57.00 58.00 58.00
43.00 43.00 44.00 44.00 44.00 44.00 44.00 44.00 44.00 44.00 44.00 44.00 43.00 43.00 43.00 43.00 43.00 43.00 42.00 42.00 42.00 41.00 41.00 41.00 40.00 39.00 39.00 38.00 38.00 37.00 37.00 37.00 37.00 37.00 37.00 37.00 37.00 37.00 37.00 37.00 38.00 38.00 38.00 39.00 39.00 40.00 40.00 41.00 41.00 42.00 43.00 43.00 43.00 44.00 44.00 44.00 45.00 46.00 47.00 47.00 48.00 49.00 50.00 50.00 51.00 52.00 53.00 53.00 54.00 55.00 55.00 56.00 56.00 57.00 58.00 58.00 59.00
43.00 44.00 44.00 44.00 44.00 44.00 44.00 44.00 44.00 44.00 44.00 44.00 44.00 44.00 43.00 43.00 43.00 43.00 43.00 43.00 42.00 42.00 41.00 41.00 40.00 40.00 39.00 38.00 38.00 37.00 37.00 37.00 37.00 37.00 37.00 37.00 37.00 37.00 37.00 38.00 38.00 38.00 39.00 39.00 39.00 40.00 41.00 41.00 41.00 42.00 43.00 43.00 43.00 44.00 44.00 45.00 45.00 46.00 47.00 48.00 48.00 50.00 50.00 51.00 51.00 52.00 53.00 54.00 54.00 55.00 56.00 56.00 57.00 58.00 58.00 58.00 59.00
43.00 44.00 44.00 44.00 44.00 44.00 44.00 44.00 45.00 44.00 44.00 44.00 44.00 44.00 44.00 44.00 43.00 43.00 43.00 43.00 43.00 42.00 42.00 41.00 41.00 40.00 39.00 39.00 38.00 37.00 37.00 37.00 37.00 37.00 37.00 37.00 37.00 37.00 37.00 38.00 38.00 38.00 39.00 39.00 39.00 40.00 41.00 41.00 42.00 43.00 43.00 43.00 44.00 44.00 44.00 45.00 45.00 46.00 47.00 48.00 49.00 50.00 50.00 51.00 52.00 53.00 53.00 54.00 54.00 55.00 56.00 56.00 57.00 58.00 58.00 59.00 59.00
44.00 44.00 44.00 44.00 45.00 45.00 45.00 45.00 45.00 45.00 45.00 45.00 45.00 44.00 44.00 44.00 44.00 44.00 44.00 44.00 43.00 42.00 42.00 42.00 41.00 40.00 40.00 39.00 38.00 38.00 37.00 37.00 37.00 37.00 37.00 37.00 37.00 38.00 38.00 38.00 38.00 38.00 39.00 39.00 40.00 40.00 41.00 41.00 42.00 43.00 43.00 43.00 44.00 44.00 44.00 45.00 45.00 47.00 47.00 48.00 49.00 50.00 51.00 51.00 52.00 53.00 54.00 54.00 55.00 56.00 56.00 57.00 57.00 58.00 58.00 59.00 59.00
44.00 45.00 45.00 45.00 45.00 45.00 46.00 46.00 46.00 46.00 46.00 46.00 46.00 45.00 45.00 45.00 45.00 45.00 45.00 44.00 44.00 43.00 43.00 42.00 42.00 41.00 40.00 40.00 39.00 38.00 38.00 38.00 38.00 38.00 38.00 38.00 38.00 38.00 38.00 38.00 38.00 39.00 39.00 39.00 40.00 41.00 41.00 42.00 42.00 43.00 43.00 44.00 44.00 44.00 45.00 45.00 46.00 47.00 48.00 49.00 50.00 51.00 52.00 52.00 53.00 54.00 54.00 55.00 55.00 56.00 57.00 57.00 58.00 58.00 59.00 59.00 60.00
44.00 45.00 45.00 45.00 45.00 46.00 46.00 46.00 46.00 46.00 46.00 46.00 46.00 45.00 45.00 45.00 45.00 45.00 45.00 45.00 44.00 43.00 43.00 43.00 42.00 41.00 40.00 40.00 39.00 38.00 38.00 38.00 38.00 38.00 38.00 38.00 38.00 38.00 38.00 38.00 38.00 39.00 39.00 40.00 40.00 41.00 41.00 42.00 42.00 43.00 43.00 44.00 44.00 45.00 45.00 45.00 46.00 48.00 49.00 49.00 50.00 52.00 52.00 53.00 53.00 54.00 55.00 55.00 56.00 56.00 57.00 57.00 58.00 59.00 59.00 60.00 60.00
45.00 45.00 45.00 46.00 46.00 46.00 46.00 46.00 47.00 47.00 46.00 46.00 46.00 46.00 46.00 46.00 45.00 45.00 45.00 45.00 44.00 44.00 43.00 43.00 42.00 41.00 41.00 40.00 40.00 39.00 38.00 38.00 38.00 38.00 38.00 38.00 38.00 38.00 38.00 39.00 39.00 39.00 39.00 40.00 40.00 41.00 41.00 42.00 42.00 43.00 44.00 44.00 44.00 45.00 45.00 46.00 47.00 48.00 49.00 50.00 51.00 52.00 53.00 53.00 54.00 54.00 55.00 55.00 56.00 57.00 57.00 58.00 58.00 59.00 59.00 60.00 60.00
45.00 46.00 46.00 46.00 46.00 47.00 47.00 47.00 47.00 47.00 47.00 47.00 47.00 46.00 46.00 46.00 46.00 45.00 45.00 45.00 45.00 44.00 44.00 43.00 43.00 42.00 41.00 41.00 40.00 39.00 39.00 38.00 38.00 38.00 38.00 39.00 39.00 39.00 39.00 39.00 39.00 39.00 40.00 40.00 40.00 41.00 42.00 42.00 42.00 43.00 44.00 44.00 44.00 45.00 45.00 46.00 47.00 49.00 50.00 50.00 51.00 53.00 53.00 54.00 54.00 55.00 55.00 56.00 56.00 57.00 57.00 58.00 58.00 59.00 60.00 60.00 60.00
46.00 46.00 46.00 47.00 47.00 47.00 47.00 48.00 48.00 48.00 47.00 47.00 47.00 47.00 47.00 47.00 47.00 46.00 46.00 46.00 45.00 45.00 44.00 44.00 43.00 42.00 42.00 41.00 41.00 40.00 39.00 39.00 39.00 39.00 39.00 39.00 39.00 39.00 39.00 39.00 40.00 40.00 40.00 41.00 41.00 41.00 42.00 42.00 43.00 44.00 44.00 45.00 45.00 46.00 47.00 47.00 48.00 50.00 50.00 51.00 52.00 54.00 55.00 55.00 55.00 56.00 56.00 56.00 57.00 58.00 58.00 58.00 59.00 60.00 60.00 60.00 61.00
46.00 47.00 47.00 47.00 47.00 48.00 48.00 48.00 48.00 48.00 48.00 48.00 48.00 47.00 47.00 47.00 47.00 46.00 46.00 46.00 46.00 45.00 45.00 44.00 44.00 43.00 42.00 42.00 41.00 40.00 40.00 39.00 39.00 39.00 39.00 39.00 39.00 40.00 40.00 40.00 40.00 40.00 41.00 41.00 41.00 42.00 42.00 42.00 43.00 44.00 45.00 45.00 46.00 47.00 47.00 48.00 49.00 50.00 51.00 52.00 53.00 54.00 55.00 55.00 55.00 56.00 56.00 57.00 57.00 58.00 58.00 59.00 59.00 60.00 60.00 61.00 61.00
46.00 47.00 47.00 47.00 48.00 48.00 48.00 48.00 48.00 48.00 48.00 48.00 48.00 48.00 48.00 47.00 47.00 47.00 47.00 46.00 46.00 45.00 45.00 44.00 44.00 43.00 43.00 42.00 42.00 41.00 40.00 40.00 40.00 40.00 40.00 40.00 40.00 40.00 40.00 40.00 40.00 41.00 41.00 41.00 41.00 42.00 42.00 43.00 43.00 45.00 45.00 46.00 46.00 47.00 48.00 48.00 49.00 51.00 51.00 52.00 53.00 54.00 55.00 55.00 55.00 56.00 56.00 57.00 57.00 58.00 58.00 59.00 59.00 60.00 60.00 61.00 61.00
47.00 47.00 47.00 48.00 48.00 48.00 48.00 49.00 49.00 49.00 49.00 48.00 48.00 48.00 48.00 48.00 48.00 47.00 47.00 47.00 46.00 46.00 45.00 45.00 44.00 43.00 43.00 42.00 42.00 41.00 41.00 41.00 41.00 40.00 40.00 40.00 40.00 40.00 41.00 41.00 41.00 41.00 41.00 42.00 42.00 42.00 43.00 43.00 44.00 45.00 46.00 46.00 47.00 48.00 48.00 49.00 49.00 51.00 52.00 52.00 53.00 54.00 55.00 55.00 55.00 56.00 57.00 57.00 57.00 58.00 59.00 59.00 60.00 60.00 61.00 61.00 61.00
47.00 48.00 48.00 48.00 48.00 49.00 49.00 49.00 49.00 49.00 49.00 49.00 49.00 49.00 49.00 48.00 48.00 48.00 48.00 47.00 47.00 46.00 46.00 46.00 45.00 44.00 44.00 43.00 43.00 42.00 42.00 42.00 41.00 41.00 41.00 41.00 41.00 41.00 41.00 41.00 41.00 42.00 42.00 42.00 43.00 44.00 44.00 44.00 45.00 46.00 46.00 47.00 47.00 49.00 49.00 50.00 50.00 52.00 52.00 53.00 54.00 55.00 55.00 55.00 56.00 57.00 57.00 57.00 58.00 59.00 59.00 60.00 60.00 61.00 61.00 62.00 62.00
47.00 48.00 48.00 48.00 49.00 49.00 49.00 49.00 49.00 50.00 49.00 49.00 49.00 49.00 49.00 49.00 49.00 48.00 48.00 48.00 47.00 47.00 46.00 46.00 45.00 45.00 44.00 44.00 43.00 43.00 42.00 42.00 42.00 42.00 41.00 41.00 41.00 41.00 41.00 42.00 42.00 42.00 42.00 43.00 43.00 44.00 45.00 45.00 45.00 46.00 47.00 47.00 48.00 49.00 49.00 50.00 51.00 52.00 52.00 53.00 54.00 55.00 55.00 56.00 56.00 57.00 57.00 58.00 58.00 59.00 59.00 60.00 60.00 61.00 61.00 62.00 62.00
48.00 48.00 49.00 49.00 49.00 49.00 50.00 50.00 50.00 50.00 50.00 50.00 50.00 49.00 49.00 49.00 49.00 48.00 48.00 48.00 48.00 47.00 47.00 46.00 46.00 45.00 45.00 44.00 44.00 43.00 43.00 43.00 42.00 42.00 42.00 42.00 42.00 42.00 42.00 42.00 42.00 42.00 43.00 43.00 44.00 45.00 45.00 45.00 46.00 47.00 47.00 48.00 48.00 49.00 50.00 50.00 51.00 52.00 53.00 53.00 54.00 55.00 55.00 56.00 56.00 57.00 58.00 58.00 58.00 59.00 60.00 60.00 61.00 61.00 62.00 62.00 62.00
48.00 49.00 49.00 49.00 49.00 50.00 50.00 50.00 50.00 50.00 50.00 50.00 50.00 50.00 50.00 49.00 49.00 49.00 49.00 48.00 48.00 47.00 47.00 47.00 46.00 45.00 45.00 45.00 44.00 44.00 43.00 43.00 43.00 42.00 42.00 42.00 42.00 42.00 42.00 42.00 42.00 43.00 43.00 44.00 44.00 45.00 46.00 46.00 46.00 47.00 48.00 48.00 49.00 50.00 50.00 51.00 51.00 52.00 53.00 54.00 54.00 55.00 56.00 56.00 56.00 57.00 58.00 58.00 59.00 59.00 60.00 60.00 61.00 62.00 62.00 62.00 63.00
49.00 49.00 49.00 50.00 50.00 50.00 50.00 51.00 51.00 51.00 51.00 51.00 51.00 50.00 50.00 50.00 50.00 49.00 49.00 49.00 49.00 48.00 48.00 47.00 47.00 46.00 46.00 45.00 45.00 44.00 44.00 44.00 43.00 42.00 42.00 42.00 42.00 42.00 43.00 43.00 43.00 44.00 44.00 45.00 45.00 46.00 46.00 47.00 47.00 48.00 49.00 49.00 49.00 50.00 51.00 51.00 52.00 53.00 54.00 54.00 55.00 55.00 56.00 56.00 57.00 58.00 58.00 59.00 59.00 60.00 60.00 61.00 61.00 62.00 62.00 63.00 63.00
