inputs/dem_proc.asc
ncols         404
nrows         404
xllcorner     4681261.0
yllcorner     2523693.0
cellsize      1.0
NODATA_value  -9999
[rows 102 to 135 of 404, columns 77 to 153 of 404]
49.00 49.00 50.00 50.00 50.00 51.00 51.00 51.00 51.00 51.00 51.00 51.00 51.00 51.00 51.00 50.00 50.00 50.00 49.00 49.00 49.00 48.00 48.00 47.00 47.00 46.00 46.00 46.00 45.00 45.00 45.00 44.00 44.00 43.00 43.00 43.00 43.00 43.00 43.00 43.00 44.00 45.00 45.00 45.00 46.00 47.00 47.00 47.00 48.00 48.00 49.00 49.00 50.00 51.00 51.00 52.00 52.00 53.00 54.00 54.00 55.00 56.00 56.00 57.00 57.00 58.00 58.00 59.00 59.00 60.00 61.00 61.00 61.00 62.00 63.00 63.00 63.00
49.00 50.00 50.00 50.00 50.00 51.00 51.00 51.00 52.00 52.00 51.00 51.00 51.00 51.00 51.00 51.00 50.00 50.00 50.00 49.00 49.00 48.00 48.00 48.00 47.00 47.00 46.00 46.00 46.00 45.00 45.00 45.00 44.00 43.00 43.00 43.00 43.00 44.00 44.00 44.00 44.00 45.00 46.00 46.00 46.00 47.00 47.00 48.00 48.00 49.00 49.00 50.00 50.00 51.00 51.00 52.00 53.00 54.00 54.00 55.00 55.00 56.00 56.00 57.00 57.00 58.00 59.00 59.00 60.00 60.00 61.00 61.00 62.00 62.00 63.00 63.00 63.00
50.00 50.00 50.00 51.00 51.00 51.00 51.00 52.00 52.00 52.00 52.00 52.00 52.00 51.00 51.00 51.00 51.00 50.00 50.00 50.00 49.00 49.00 48.00 48.00 48.00 47.00 47.00 47.00 46.00 46.00 46.00 45.00 45.00 44.00 44.00 44.00 44.00 44.00 45.00 45.00 45.00 46.00 46.00 47.00 47.00 48.00 48.00 48.00 49.00 49.00 50.00 50.00 50.00 51.00 52.00 52.00 53.00 54.00 54.00 55.00 55.00 56.00 56.00 57.00 57.00 58.00 59.00 59.00 60.00 61.00 61.00 61.00 62.00 62.00 63.00 63.00 63.00
50.00 51.00 51.00 51.00 51.00 52.00 52.00 52.00 52.00 53.00 52.00 52.00 52.00 52.00 52.00 52.00 51.00 51.00 51.00 50.00 50.00 49.00 49.00 48.00 48.00 48.00 47.00 47.00 47.00 47.00 47.00 46.00 46.00 46.00 46.00 46.00 46.00 46.00 46.00 47.00 47.00 47.00 48.00 48.00 48.00 49.00 49.00 49.00 50.00 50.00 51.00 51.00 51.00 52.00 52.00 53.00 53.00 54.00 55.00 55.00 55.00 56.00 57.00 57.00 58.00 59.00 59.00 60.00 60.00 61.00 62.00 62.00 62.00 63.00 63.00 63.00 64.00
51.00 51.00 51.00 51.00 52.00 52.00 52.00 52.00 53.00 53.00 53.00 53.00 53.00 52.00 52.00 52.00 52.00 51.00 51.00 51.00 50.00 49.00 49.00 48.00 48.00 48.00 48.00 48.00 48.00 47.00 47.00 47.00 47.00 47.00 47.00 47.00 47.00 47.00 47.00 47.00 47.00 48.00 48.00 48.00 49.00 49.00 50.00 50.00 50.00 51.00 51.00 51.00 52.00 52.00 52.00 53.00 53.00 54.00 55.00 55.00 56.00 57.00 57.00 58.00 58.00 59.00 60.00 60.00 60.00 61.00 62.00 62.00 62.00 63.00 63.00 63.00 64.00
51.00 51.00 52.00 52.00 52.00 52.00 53.00 53.00 53.00 53.00 53.00 53.00 53.00 53.00 52.00 52.00 52.00 52.00 51.00 51.00 51.00 50.00 49.00 49.00 48.00 48.00 48.00 48.00 48.00 48.00 48.00 48.00 48.00 47.00 47.00 47.00 47.00 48.00 48.00 48.00 48.00 48.00 49.00 49.00 49.00 50.00 50.00 50.00 51.00 51.00 52.00 52.00 52.00 53.00 53.00 53.00 53.00 54.00 55.00 55.00 56.00 57.00 57.00 58.00 58.00 59.00 60.00 60.00 61.00 62.00 62.00 62.00 63.00 63.00 63.00 64.00 64.00
51.00 52.00 52.00 52.00 52.00 53.00 53.00 53.00 53.00 53.00 53.00 53.00 53.00 53.00 53.00 53.00 52.00 52.00 52.00 51.00 51.00 50.00 50.00 49.00 49.00 49.00 49.00 49.00 49.00 49.00 48.00 48.00 48.00 48.00 48.00 48.00 48.00 48.00 48.00 49.00 49.00 49.00 49.00 49.00 50.00 50.00 51.00 51.00 51.00 52.00 52.00 52.00 53.00 53.00 53.00 53.00 53.00 54.00 55.00 56.00 56.00 57.00 58.00 58.00 59.00 60.00 60.00 60.00 61.00 62.00 62.00 62.00 63.00 63.00 63.00 64.00 64.00
52.00 52.00 52.00 53.00 53.00 53.00 54.00 54.00 54.00 54.00 54.00 54.00 54.00 54.00 53.00 53.00 53.00 53.00 52.00 52.00 52.00 51.00 51.00 50.00 50.00 50.00 50.00 50.00 50.00 50.00 50.00 50.00 49.00 49.00 49.00 49.00 49.00 50.00 50.00 50.00 50.00 50.00 50.00 50.00 51.00 51.00 52.00 52.00 52.00 53.00 53.00 53.00 54.00 54.00 54.00 54.00 54.00 55.00 56.00 56.00 57.00 58.00 58.00 59.00 59.00 60.00 60.00 61.00 61.00 62.00 62.00 63.00 63.00 63.00 63.00 64.00 64.00
52.00 53.00 53.00 53.00 53.00 54.00 54.00 54.00 54.00 54.00 54.00 54.00 54.00 54.00 54.00 54.00 53.00 53.00 53.00 53.00 52.00 51.00 51.00 51.00 51.00 51.00 51.00 51.00 51.00 50.00 50.00 50.00 50.00 50.00 50.00 50.00 50.00 50.00 50.00 50.00 50.00 50.00 51.00 51.00 51.00 52.00 52.00 52.00 53.00 53.00 54.00 54.00 54.00 54.00 54.00 54.00 55.00 56.00 56.00 57.00 57.00 58.00 59.00 59.00 60.00 60.00 61.00 61.00 61.00 62.00 62.00 63.00 63.00 63.00 64.00 64.00 64.00
52.00 53.00 53.00 53.00 53.00 54.00 54.00 54.00 54.00 54.00 54.00 54.00 54.00 54.00 54.00 54.00 54.00 53.00 53.00 53.00 53.00 52.00 52.00 51.00 51.00 51.00 51.00 51.00 51.00 51.00 51.00 51.00 51.00 50.00 50.00 50.00 50.00 50.00 51.00 51.00 50.00 51.00 51.00 51.00 52.00 52.00 53.00 53.00 53.00 54.00 54.00 54.00 55.00 55.00 55.00 55.00 55.00 56.00 57.00 57.00 58.00 59.00 59.00 59.00 60.00 61.00 61.00 61.00 62.00 62.00 62.00 63.00 63.00 63.00 64.00 64.00 64.00
53.00 53.00 53.00 54.00 54.00 54.00 54.00 55.00 55.00 55.00 55.00 55.00 55.00 54.00 54.00 54.00 54.00 54.00 54.00 54.00 53.00 53.00 52.00 52.00 52.00 52.00 52.00 52.00 52.00 52.00 51.00 51.00 51.00 51.00 51.00 51.00 51.00 51.00 51.00 51.00 51.00 51.00 51.00 52.00 52.00 53.00 53.00 53.00 54.00 54.00 55.00 55.00 55.00 55.00 55.00 56.00 56.00 57.00 57.00 58.00 58.00 59.00 59.00 60.00 60.00 61.00 61.00 62.00 62.00 62.00 63.00 63.00 63.00 63.00 64.00 64.00 64.00
53.00 54.00 54.00 54.00 54.00 55.00 55.00 55.00 55.00 55.00 55.00 55.00 55.00 55.00 55.00 55.00 55.00 55.00 55.00 55.00 54.00 54.00 54.00 54.00 54.00 54.00 53.00 53.00 53.00 53.00 53.00 53.00 52.00 52.00 52.00 51.00 51.00 51.00 51.00 51.00 51.00 51.00 52.00 53.00 53.00 54.00 54.00 54.00 55.00 55.00 56.00 56.00 56.00 56.00 56.00 56.00 57.00 58.00 58.00 58.00 59.00 60.00 60.00 60.00 61.00 62.00 62.00 62.00 62.00 63.00 63.00 63.00 63.00 64.00 64.00 64.00 64.00
53.00 54.00 54.00 54.00 55.00 55.00 55.00 55.00 55.00 55.00 55.00 55.00 55.00 55.00 55.00 55.00 55.00 55.00 55.00 55.00 55.00 54.00 54.00 54.00 54.00 54.00 54.00 54.00 54.00 54.00 53.00 53.00 53.00 52.00 52.00 52.00 52.00 51.00 51.00 51.00 51.00 52.00 53.00 53.00 54.00 54.00 55.00 55.00 55.00 56.00 56.00 56.00 56.00 56.00 57.00 57.00 57.00 58.00 58.00 59.00 59.00 60.00 61.00 61.00 61.00 62.00 62.00 62.00 63.00 63.00 63.00 63.00 63.00 64.00 64.00 64.00 64.00
54.00 54.00 54.00 55.00 55.00 55.00 55.00 56.00 56.00 56.00 56.00 56.00 56.00 56.00 56.00 55.00 55.00 55.00 55.00 55.00 55.00 55.00 55.00 55.00 55.00 55.00 55.00 55.00 54.00 54.00 54.00 54.00 54.00 53.00 53.00 52.00 52.00 52.00 52.00 52.00 52.00 53.00 53.00 54.00 54.00 55.00 55.00 56.00 56.00 56.00 56.00 56.00 57.00 57.00 57.00 57.00 58.00 58.00 59.00 59.00 60.00 61.00 61.00 61.00 62.00 62.00 62.00 63.00 63.00 63.00 63.00 63.00 64.00 64.00 64.00 64.00 64.00
54.00 54.00 55.00 55.00 55.00 56.00 56.00 56.00 56.00 56.00 56.00 56.00 56.00 56.00 56.00 56.00 56.00 55.00 55.00 55.00 55.00 55.00 55.00 55.00 55.00 55.00 55.00 55.00 55.00 55.00 55.00 55.00 54.00 54.00 54.00 53.00 53.00 53.00 53.00 53.00 53.00 54.00 54.00 54.00 55.00 56.00 56.00 56.00 56.00 57.00 57.00 57.00 57.00 57.00 58.00 58.00 58.00 59.00 59.00 60.00 60.00 61.00 61.00 62.00 62.00 63.00 63.00 63.00 63.00 63.00 64.00 64.00 64.00 64.00 64.00 64.00 64.00
55.00 55.00 55.00 55.00 56.00 56.00 56.00 56.00 56.00 56.00 56.00 57.00 57.00 57.00 56.00 56.00 56.00 56.00 56.00 56.00 56.00 56.00 56.00 56.00 56.00 56.00 56.00 56.00 56.00 56.00 56.00 56.00 56.00 55.00 55.00 55.00 55.00 55.00 55.00 55.00 55.00 55.00 55.00 56.00 56.00 57.00 57.00 57.00 58.00 58.00 58.00 58.00 58.00 59.00 59.00 59.00 59.00 60.00 60.00 61.00 61.00 62.00 62.00 63.00 63.00 63.00 64.00 64.00 64.00 64.00 64.00 64.00 64.00 64.00 64.00 64.00 65.00
55.00 55.00 56.00 56.00 56.00 56.00 56.00 56.00 56.00 57.00 57.00 57.00 57.00 57.00 57.00 57.00 56.00 56.00 56.00 56.00 56.00 57.00 57.00 57.00 57.00 57.00 57.00 57.00 57.00 57.00 57.00 57.00 56.00 56.00 56.00 56.00 56.00 56.00 56.00 56.00 56.00 56.00 56.00 56.00 57.00 57.00 58.00 58.00 58.00 59.00 59.00 59.00 59.00 59.00 60.00 60.00 60.00 61.00 61.00 61.00 62.00 62.00 63.00 63.00 63.00 64.00 64.00 64.00 64.00 64.00 64.00 64.00 64.00 64.00 65.00 65.00 65.00
55.00 56.00 56.00 56.00 56.00 57.00 57.00 57.00 57.00 57.00 57.00 57.00 58.00 58.00 57.00 57.00 57.00 56.00 56.00 56.00 57.00 57.00 57.00 57.00 57.00 58.00 58.00 58.00 58.00 57.00 57.00 57.00 57.00 57.00 57.00 57.00 57.00 56.00 56.00 56.00 56.00 57.00 57.00 57.00 57.00 58.00 58.00 59.00 59.00 59.00 59.00 60.00 60.00 60.00 60.00 60.00 61.00 61.00 62.00 62.00 62.00 63.00 63.00 63.00 64.00 64.00 64.00 65.00 65.00 65.00 64.00 64.00 64.00 65.00 65.00 65.00 65.00
55.00 56.00 56.00 56.00 57.00 57.00 57.00 57.00 57.00 57.00 58.00 58.00 58.00 58.00 58.00 57.00 57.00 56.00 57.00 57.00 57.00 58.00 58.00 58.00 58.00 58.00 58.00 58.00 58.00 58.00 58.00 58.00 58.00 58.00 58.00 57.00 57.00 57.00 57.00 57.00 57.00 57.00 58.00 58.00 58.00 59.00 59.00 59.00 59.00 60.00 60.00 60.00 60.00 61.00 61.00 61.00 61.00 62.00 62.00 63.00 63.00 63.00 64.00 64.00 64.00 65.00 65.00 65.00 65.00 65.00 65.00 65.00 65.00 65.00 65.00 66.00 66.00
56.00 57.00 57.00 57.00 57.00 58.00 58.00 58.00 58.00 58.00 58.00 59.00 59.00 59.00 59.00 58.00 58.00 58.00 58.00 58.00 58.00 59.00 59.00 59.00 59.00 59.00 59.00 59.00 59.00 59.00 59.00 59.00 59.00 59.00 59.00 59.00 59.00 59.00 59.00 59.00 59.00 59.00 59.00 59.00 60.00 60.00 60.00 60.00 61.00 61.00 61.00 61.00 62.00 62.00 62.00 62.00 63.00 63.00 63.00 64.00 64.00 64.00 65.00 65.00 65.00 66.00 66.00 66.00 66.00 66.00 66.00 65.00 65.00 66.00 66.00 66.00 66.00
57.00 57.00 57.00 57.00 58.00 58.00 58.00 58.00 58.00 59.00 59.00 59.00 59.00 59.00 59.00 59.00 59.00 59.00 59.00 59.00 59.00 59.00 59.00 59.00 60.00 60.00 60.00 60.00 60.00 60.00 60.00 60.00 60.00 60.00 59.00 59.00 59.00 59.00 59.00 59.00 60.00 60.00 60.00 60.00 60.00 61.00 61.00 61.00 61.00 62.00 62.00 62.00 62.00 63.00 63.00 63.00 63.00 64.00 64.00 64.00 64.00 65.00 65.00 65.00 66.00 66.00 66.00 66.00 66.00 66.00 66.00 66.00 66.00 66.00 66.00 67.00 67.00
57.00 57.00 58.00 58.00 58.00 58.00 58.00 59.00 59.00 59.00 59.00 59.00 59.00 60.00 60.00 60.00 59.00 59.00 60.00 60.00 60.00 60.00 60.00 60.00 60.00 60.00 60.00 60.00 60.00 60.00 60.00 60.00 60.00 60.00 60.00 60.00 60.00 60.00 60.00 60.00 60.00 60.00 61.00 61.00 61.00 61.00 61.00 62.00 62.00 62.00 62.00 63.00 63.00 63.00 64.00 64.00 64.00 64.00 64.00 65.00 65.00 65.00 66.00 66.00 66.00 66.00 66.00 66.00 66.00 66.00 66.00 66.00 66.00 66.00 67.00 67.00 67.00
57.00 58.00 58.00 58.00 58.00 59.00 59.00 59.00 59.00 59.00 60.00 60.00 60.00 60.00 60.00 60.00 60.00 60.00 60.00 60.00 60.00 60.00 60.00 60.00 61.00 61.00 61.00 61.00 61.00 61.00 61.00 61.00 61.00 61.00 61.00 61.00 61.00 61.00 61.00 61.00 61.00 61.00 61.00 61.00 61.00 62.00 62.00 62.00 62.00 63.00 63.00 63.00 63.00 64.00 64.00 64.00 65.00 65.00 65.00 65.00 65.00 66.00 66.00 66.00 66.00 66.00 66.00 66.00 66.00 66.00 66.00 66.00 66.00 67.00 67.00 67.00 67.00
58.00 59.00 59.00 59.00 59.00 60.00 60.00 60.00 60.00 60.00 60.00 61.00 61.00 61.00 61.00 61.00 61.00 61.00 61.00 61.00 61.00 61.00 61.00 61.00 61.00 61.00 61.00 62.00 62.00 62.00 62.00 62.00 62.00 62.00 62.00 62.00 62.00 62.00 62.00 62.00 62.00 62.00 62.00 62.00 63.00 63.00 63.00 63.00 63.00 64.00 64.00 64.00 65.00 65.00 65.00 66.00 66.00 66.00 66.00 66.00 66.00 66.00 66.00 66.00 66.00 66.00 67.00 67.00 67.00 67.00 67.00 67.00 67.00 68.00 68.00 68.00 68.00
58.00 59.00 59.00 59.00 60.00 60.00 60.00 60.00 60.00 61.00 61.00 61.00 61.00 61.00 61.00 62.00 62.00 62.00 62.00 62.00 62.00 62.00 62.00 62.00 62.00 62.00 62.00 62.00 62.00 62.00 62.00 62.00 62.00 62.00 62.00 62.00 62.00 62.00 62.00 63.00 63.00 63.00 63.00 63.00 63.00 63.00 63.00 64.00 64.00 64.00 64.00 65.00 65.00 66.00 66.00 66.00 66.00 66.00 66.00 66.00 66.00 67.00 67.00 67.00 67.00 67.00 67.00 67.00 67.00 67.00 67.00 67.00 68.00 68.00 68.00 68.00 69.00
59.00 59.00 60.00 60.00 60.00 60.00 60.00 61.00 61.00 61.00 61.00 61.00 62.00 62.00 62.00 62.00 62.00 62.00 62.00 62.00 62.00 62.00 62.00 62.00 62.00 62.00 62.00 62.00 62.00 62.00 62.00 62.00 62.00 62.00 62.00 62.00 63.00 63.00 63.00 63.00 63.00 63.00 63.00 63.00 63.00 64.00 64.00 64.00 64.00 65.00 65.00 65.00 65.00 66.00 67.00 67.00 67.00 67.00 67.00 67.00 67.00 67.00 67.00 67.00 67.00 67.00 67.00 67.00 67.00 67.00 67.00 68.00 68.00 68.00 68.00 69.00 69.00
59.00 60.00 60.00 60.00 60.00 61.00 61.00 61.00 61.00 62.00 62.00 62.00 62.00 62.00 62.00 63.00 63.00 63.00 63.00 63.00 63.00 63.00 63.00 63.00 62.00 62.00 62.00 63.00 63.00 63.00 63.00 63.00 63.00 63.00 63.00 63.00 63.00 63.00 63.00 64.00 64.00 64.00 64.00 64.00 64.00 64.00 64.00 64.00 65.00 65.00 65.00 66.00 66.00 66.00 67.00 67.00 67.00 67.00 67.00 67.00 67.00 67.00 67.00 67.00 67.00 67.00 67.00 67.00 67.00 68.00 68.00 68.00 68.00 69.00 69.00 69.00 69.00
60.00 60.00 61.00 61.00 61.00 61.00 62.00 62.00 62.00 62.00 62.00 63.00 63.00 63.00 63.00 64.00 64.00 64.00 64.00 64.00 64.00 63.00 63.00 63.00 63.00 63.00 63.00 63.00 63.00 63.00 63.00 63.00 63.00 63.00 64.00 64.00 64.00 64.00 64.00 64.00 64.00 64.00 64.00 64.00 64.00 65.00 65.00 65.00 65.00 66.00 66.00 66.00 66.00 67.00 67.00 67.00 68.00 68.00 68.00 68.00 68.00 67.00 67.00 67.00 67.00 67.00 68.00 68.00 68.00 68.00 69.00 69.00 69.00 69.00 70.00 70.00 70.00
60.00 61.00 61.00 61.00 61.00 62.00 62.00 62.00 62.00 63.00 63.00 63.00 63.00 64.00 64.00 64.00 64.00 65.00 65.00 64.00 64.00 64.00 64.00 63.00 63.00 63.00 63.00 63.00 63.00 64.00 64.00 64.00 64.00 64.00 64.00 64.00 64.00 64.00 64.00 64.00 64.00 64.00 65.00 65.00 65.00 65.00 65.00 65.00 66.00 66.00 66.00 67.00 67.00 67.00 67.00 68.00 68.00 68.00 68.00 68.00 68.00 68.00 68.00 68.00 68.00 68.00 68.00 68.00 68.00 69.00 69.00 69.00 69.00 70.00 70.00 70.00 70.00
61.00 61.00 62.00 62.00 62.00 62.00 62.00 62.00 63.00 63.00 63.00 63.00 64.00 64.00 64.00 64.00 65.00 65.00 65.00 65.00 65.00 64.00 64.00 64.00 63.00 63.00 63.00 64.00 64.00 64.00 64.00 64.00 64.00 64.00 64.00 64.00 64.00 64.00 64.00 64.00 64.00 65.00 65.00 65.00 65.00 65.00 65.00 66.00 66.00 66.00 67.00 67.00 67.00 67.00 68.00 68.00 68.00 68.00 68.00 68.00 68.00 68.00 68.00 68.00 68.00 68.00 68.00 68.00 69.00 69.00 69.00 69.00 70.00 70.00 70.00 70.00 71.00
61.00 62.00 62.00 62.00 62.00 63.00 63.00 63.00 63.00 63.00 64.00 64.00 64.00 64.00 64.00 65.00 65.00 65.00 65.00 65.00 65.00 64.00 64.00 64.00 64.00 64.00 64.00 64.00 64.00 64.00 64.00 64.00 64.00 64.00 64.00 64.00 64.00 64.00 64.00 64.00 64.00 65.00 65.00 65.00 65.00 65.00 65.00 66.00 66.00 67.00 67.00 67.00 67.00 68.00 68.00 68.00 68.00 68.00 68.00 68.00 68.00 68.00 68.00 68.00 68.00 68.00 68.00 69.00 69.00 69.00 70.00 70.00 70.00 70.00 71.00 71.00 71.00
62.00 62.00 63.00 63.00 63.00 63.00 63.00 63.00 64.00 64.00 64.00 64.00 65.00 65.00 65.00 65.00 65.00 66.00 66.00 66.00 66.00 65.00 65.00 65.00 65.00 64.00 64.00 64.00 64.00 65.00 65.00 65.00 65.00 65.00 65.00 65.00 65.00 65.00 65.00 65.00 65.00 65.00 65.00 65.00 65.00 66.00 66.00 66.00 67.00 67.00 67.00 68.00 68.00 68.00 68.00 68.00 68.00 69.00 69.00 69.00 69.00 69.00 69.00 69.00 69.00 69.00 69.00 70.00 70.00 70.00 70.00 70.00 71.00 71.00 71.00 71.00 72.00
62.00 63.00 63.00 63.00 63.00 63.00 64.00 64.00 64.00 64.00 64.00 65.00 65.00 65.00 65.00 66.00 66.00 66.00 66.00 66.00 66.00 65.00 65.00 65.00 65.00 65.00 65.00 65.00 65.00 65.00 65.00 65.00 65.00 65.00 65.00 65.00 65.00 65.00 65.00 65.00 66.00 66.00 66.00 66.00 66.00 66.00 66.00 67.00 67.00 67.00 68.00 68.00 68.00 68.00 68.00 69.00 69.00 69.00 69.00 69.00 69.00 69.00 69.00 69.00 69.00 70.00 70.00 70.00 70.00 70.00 71.00 71.00 71.00 71.00 72.00 72.00 72.00
62.00 63.00 63.00 63.00 63.00 64.00 64.00 64.00 64.00 65.00 65.00 65.00 65.00 65.00 66.00 66.00 66.00 66.00 66.00 66.00 66.00 66.00 66.00 65.00 65.00 65.00 65.00 65.00 65.00 65.00 65.00 65.00 65.00 65.00 65.00 65.00 65.00 66.00 66.00 66.00 66.00 66.00 66.00 66.00 66.00 67.00 67.00 67.00 67.00 68.00 68.00 68.00 68.00 69.00 69.00 69.00 69.00 69.00 69.00 69.00 69.00 70.00 70.00 70.00 70.00 70.00 70.00 70.00 71.00 71.00 71.00 71.00 71.00 72.00 72.00 72.00 72.00
