inputs/directions.asc
ncols         404
nrows         404
xllcorner     4681261
yllcorner     2523693
cellsize      1
NODATA_value  -9999
[rows 260 to 324 of 404, columns 0 to 95 of 404]
41 41 41 41 40 40 38 35 29 17 8 8 8 8 8 4 4 4 4 4 4 4 4 4 4 4 8 4 4 8 8 4 8 8 16 16 16 16 16 16 16 16 16 16 16 16 16 16 8 8 16 8 8 8 8 8 8 8 8 8 4 4 8 4 4 4 4 4 4 4 4 4 4 4 4 4 2 2 2 2 2 2 2 2 2 2 2 2 2 2 2 4 4 2 2 2
41 41 41 41 40 40 38 35 29 17 8 8 8 8 8 8 8 8 8 4 4 8 8 8 8 8 8 8 8 8 8 8 16 16 16 16 16 16 16 16 16 16 16 16 32 16 16 16 16 16 16 16 16 16 16 8 8 8 16 8 8 8 8 4 4 4 4 4 4 4 4 4 4 4 4 4 2 2 2 2 2 1 2 2 2 2 2 2 2 2 2 2 2 2 2 2
41 41 41 41 40 40 38 35 29 18 8 8 8 8 8 8 8 8 8 4 8 4 8 8 8 8 8 8 8 8 16 16 16 16 16 16 16 16 16 16 16 16 16 16 16 16 16 16 16 16 16 16 16 16 16 8 8 8 16 8 8 8 8 4 4 4 4 4 4 4 4 4 4 4 4 4 2 2 2 2 2 2 2 2 2 2 2 2 2 2 2 2 2 2 2 2
41 41 41 41 40 40 38 35 29 21 12 8 8 8 8 8 8 8 8 4 4 8 8 8 8 8 8 8 16 16 16 16 16 16 16 16 16 16 16 16 16 16 16 16 16 16 16 16 16 16 16 16 16 16 16 8 8 8 8 8 8 8 8 4 4 4 4 4 4 2 4 4 4 4 4 4 4 2 2 2 2 2 2 2 2 2 2 2 2 2 2 2 2 2 2 2
41 41 41 41 40 40 38 35 30 23 13 8 8 8 8 4 4 8 8 4 4 8 8 8 8 8 16 16 16 16 16 16 16 16 16 16 16 16 16 16 16 16 16 16 16 16 16 16 16 16 16 16 16 16 16 8 8 8 8 4 4 4 4 4 4 4 4 4 4 2 4 4 4 4 4 4 4 2 4 4 4 2 2 2 2 2 2 2 2 2 2 2 2 2 2 2
41 41 41 41 40 39 38 35 31 24 14 8 8 8 8 8 8 8 8 8 8 8 16 16 16 16 16 16 16 16 16 16 16 32 16 32 32 32 16 32 32 32 16 32 32 32 16 16 16 16 16 16 16 16 16 16 8 8 16 8 8 8 8 4 4 4 4 4 4 2 2 4 4 4 4 4 4 2 2 2 2 2 2 2 2 2 2 2 2 2 2 2 2 2 2 2
41 41 41 41 40 39 38 36 32 25 15 8 8 8 8 8 8 8 16 8 16 16 16 16 16 16 16 16 16 16 16 16 16 16 16 16 16 16 16 32 32 32 16 32 32 32 16 16 16 16 16 16 16 16 16 16 8 8 16 8 8 8 8 4 4 4 4 4 4 2 2 2 4 4 4 4 4 2 2 2 2 2 2 2 2 2 2 2 2 2 2 2 2 2 2 2
41 41 41 41 40 39 38 36 32 26 15 8 8 8 8 8 8 16 16 16 16 16 16 16 16 16 16 16 16 16 16 16 16 16 16 16 16 32 16 32 32 32 16 32 32 32 16 16 16 16 16 16 16 16 16 16 8 8 16 8 8 8 8 4 4 4 4 4 4 2 2 2 2 4 4 4 4 2 2 2 2 2 2 2 2 2 2 2 2 2 2 2 2 2 2 2
41 41 41 41 40 40 38 36 32 26 17 8 8 8 16 16 16 16 16 16 16 16 16 16 16 16 16 16 16 16 16 16 16 16 16 32 32 32 16 32 32 32 16 32 32 32 16 16 16 16 16 16 16 16 16 8 8 8 8 4 4 4 4 4 4 4 4 4 4 4 4 4 4 4 4 4 4 2 4 4 4 2 2 2 2 2 2 2 4 2 2 2 2 2 2 2
41 41 41 41 40 40 38 36 33 27 18 16 16 16 16 16 16 16 16 32 32 32 32 32 32 32 16 32 32 32 16 32 32 32 32 32 32 32 32 32 32 32 32 32 32 32 32 32 32 32 16 16 16 16 16 16 16 8 16 8 8 4 4 4 4 2 4 4 4 2 2 2 2 2 4 4 4 2 2 2 2 2 2 2 2 2 2 2 2 2 2 2 2 2 2 2
41 41 41 41 40 40 38 36 33 28 20 16 16 16 16 16 16 16 16 32 32 32 32 32 32 32 16 32 32 32 16 32 32 32 16 32 32 32 16 32 32 32 16 32 32 32 16 32 32 32 16 16 16 16 16 16 16 8 16 8 4 2 4 4 4 2 4 4 4 2 2 2 2 2 4 4 4 2 2 2 2 2 2 2 2 2 2 2 2 2 2 2 2 2 2 2
41 41 41 40 40 40 39 37 34 29 21 16 16 16 16 16 16 16 16 32 32 32 32 32 32 32 16 32 32 32 16 32 32 32 16 32 32 16 16 32 32 32 16 32 32 32 16 32 32 32 16 16 16 16 16 16 16 8 16 8 4 2 2 4 4 2 4 4 4 2 2 2 2 2 4 4 2 2 2 2 2 2 2 2 2 1 2 2 2 2 2 2 2 1 2 2
41 41 41 40 40 40 39 37 34 29 21 16 16 16 16 16 16 16 16 32 32 32 32 64 32 64 32 32 32 32 32 32 32 32 16 32 32 16 16 32 32 32 16 32 32 32 16 32 32 32 16 16 16 16 16 16 8 8 16 4 4 2 4 4 4 4 4 4 4 2 4 4 4 4 4 4 4 2 2 2 2 2 2 2 2 2 2 2 2 2 2 2 2 2 2 2
41 41 41 40 40 40 39 37 34 30 21 16 16 16 16 16 16 32 16 32 32 32 32 64 64 64 64 64 64 64 32 32 32 32 32 32 32 32 32 32 32 32 32 32 32 32 32 32 32 32 32 32 16 16 16 16 16 16 8 4 2 2 2 2 2 2 4 4 2 2 4 4 4 2 4 4 2 2 2 2 2 2 2 2 2 2 2 2 2 2 2 2 2 1 2 2
41 41 41 40 40 40 39 37 35 30 21 16 16 16 16 16 16 16 16 32 32 32 32 32 32 32 32 32 32 32 32 32 32 32 16 32 32 32 16 32 32 32 16 32 32 32 16 32 32 32 16 16 16 16 16 16 16 8 4 2 2 2 2 2 2 2 4 4 2 2 4 4 4 2 4 4 2 2 2 2 2 2 2 2 2 2 2 2 2 2 2 2 2 1 2 2
41 41 41 40 40 40 39 37 35 30 20 16 16 16 16 16 16 16 16 32 32 32 16 32 32 32 32 32 32 32 32 32 32 32 16 32 32 32 16 32 32 32 16 32 32 32 32 32 32 32 16 16 16 16 16 16 16 4 4 2 2 2 2 2 2 2 4 4 2 2 4 4 4 2 4 4 4 2 2 2 2 2 2 2 2 2 2 2 2 2 2 2 2 1 2 2
41 41 41 40 40 40 39 37 35 30 20 8 8 8 8 16 16 16 16 32 32 32 16 32 32 32 32 32 32 32 32 32 32 32 16 32 32 32 16 32 32 32 16 32 32 32 16 32 32 32 32 32 16 16 16 4 8 2 2 2 2 2 4 4 4 4 4 4 4 2 4 4 4 4 4 4 4 2 4 4 4 2 4 4 4 2 2 2 2 2 2 2 2 2 2 2
41 41 41 40 40 40 39 38 35 30 20 16 8 16 16 16 16 16 16 32 32 32 32 32 32 32 32 32 32 32 32 32 32 32 32 32 32 32 32 32 32 32 32 32 32 32 32 32 32 32 32 32 32 32 4 4 4 2 2 2 2 2 4 4 4 2 4 4 2 2 2 4 4 2 4 4 4 2 2 2 2 2 2 2 2 2 2 2 2 2 2 2 2 1 2 2
41 41 41 40 40 40 39 38 35 30 21 16 16 16 16 16 16 16 16 16 32 32 16 32 32 32 16 32 32 32 16 32 32 32 16 32 32 32 16 32 32 32 16 32 32 32 32 32 32 32 32 32 32 2 4 4 4 2 2 2 2 2 4 4 4 2 4 2 2 2 2 4 4 2 4 4 4 2 2 2 2 2 2 2 2 2 2 2 2 2 2 2 2 1 2 2
41 41 41 40 40 40 39 38 35 30 24 16 16 16 16 16 16 16 16 16 32 32 16 32 32 32 16 32 32 32 16 32 32 32 16 32 32 32 16 32 32 32 16 32 32 32 32 32 32 32 32 32 2 2 4 2 4 2 2 2 2 2 2 4 4 2 2 2 2 2 2 2 4 2 4 4 4 2 2 2 2 2 2 2 2 2 2 2 2 2 2 2 2 1 2 2
41 41 41 40 40 40 39 38 35 31 33 32 32 16 16 16 16 16 16 16 16 32 16 32 32 32 16 32 32 32 16 32 32 32 16 32 32 32 16 32 32 32 16 32 32 32 32 32 32 32 32 2 2 2 2 4 4 2 4 4 4 2 2 4 4 2 4 4 4 2 4 4 4 2 4 4 4 4 4 4 4 2 4 4 4 2 4 4 2 2 2 2 2 2 2 2
41 41 41 40 40 40 39 38 36 34 38 64 64 32 32 32 32 32 16 32 32 32 32 32 32 32 32 32 32 32 32 32 32 32 32 32 32 32 16 32 32 32 16 32 32 32 32 32 32 4 4 2 1 2 2 2 2 2 2 2 2 2 2 2 2 2 2 2 2 2 2 2 2 2 4 4 4 2 4 4 4 2 2 2 2 2 2 2 2 2 2 2 2 1 2 2
41 41 41 40 40 40 39 38 36 36 37 32 32 32 16 16 16 16 16 16 16 16 16 32 32 32 16 32 32 32 16 32 16 16 16 16 16 16 16 16 16 16 16 16 16 32 32 16 2 4 8 2 2 1 2 2 2 2 2 2 2 2 2 2 2 2 2 2 2 2 2 2 2 2 4 4 4 2 4 4 4 2 2 2 2 2 2 2 2 2 2 2 2 1 2 2
41 41 41 40 40 40 39 38 37 36 29 16 32 32 16 16 16 16 16 16 16 16 16 16 32 32 16 32 32 16 16 16 16 16 16 16 16 16 16 16 16 16 16 16 16 32 64 2 4 2 2 2 2 2 2 2 2 2 2 2 2 2 2 2 2 2 2 2 2 2 2 2 2 2 4 4 4 2 4 4 4 4 2 2 2 2 2 2 2 2 2 2 2 1 2 2
41 41 41 40 40 40 39 38 37 35 27 16 16 16 16 16 16 16 16 16 16 16 16 32 32 32 16 16 16 16 16 16 16 16 16 16 16 16 16 16 16 16 16 16 16 32 1 1 2 2 2 2 2 2 2 2 2 2 2 2 2 2 4 4 4 2 4 4 4 2 4 4 4 2 4 4 4 4 4 4 4 4 4 4 4 2 4 4 4 2 2 2 2 2 2 2
41 41 41 40 40 40 39 39 37 34 27 32 32 32 16 32 32 32 16 16 16 16 16 32 32 32 16 32 32 32 16 32 32 32 16 32 32 16 16 16 16 16 16 32 32 8 2 2 2 2 2 2 2 2 2 2 2 2 2 2 2 2 2 2 2 2 2 2 2 2 2 2 2 2 2 4 4 2 4 4 4 4 4 4 2 2 2 2 2 2 2 2 2 2 2 2
41 41 41 40 40 40 39 39 37 34 29 16 16 16 16 16 16 16 16 16 16 16 16 16 16 16 16 16 16 16 16 16 16 16 16 16 16 16 16 16 16 16 16 8 8 8 2 2 2 2 2 2 2 2 2 2 2 2 2 2 2 2 2 2 2 2 2 2 2 2 2 2 2 2 2 2 4 2 4 4 4 4 4 4 4 2 2 2 2 2 2 2 2 2 2 2
41 41 41 40 40 40 40 39 37 34 28 20 16 16 16 16 16 16 16 16 16 16 16 16 16 16 16 16 16 16 16 16 16 16 16 16 16 16 16 16 16 8 16 8 8 4 4 4 2 2 2 2 2 2 2 2 2 2 2 2 2 2 2 2 2 2 2 2 2 2 2 2 2 2 2 2 4 4 4 4 4 4 4 4 4 2 2 2 2 2 2 2 2 2 2 2
41 41 41 40 40 40 40 39 37 34 29 21 16 16 16 16 16 16 16 16 16 16 16 16 16 16 16 16 16 16 16 16 16 16 16 16 16 16 16 8 8 8 8 4 4 4 4 4 4 2 4 4 2 2 2 2 2 2 2 2 2 2 2 2 4 2 4 4 4 2 4 2 4 2 4 4 4 4 4 4 4 4 4 4 4 4 4 4 4 2 4 4 4 2 2 2
41 41 41 40 40 40 40 39 37 34 30 21 16 16 16 16 16 16 16 16 16 16 16 16 16 16 16 16 16 16 16 16 16 16 16 16 16 8 16 8 8 8 8 4 4 4 4 4 4 2 2 2 2 2 2 2 2 2 2 2 2 2 2 2 2 2 2 2 2 2 2 2 2 2 2 2 2 4 4 4 4 4 4 4 4 2 2 2 2 2 2 2 2 2 2 2
41 41 41 40 40 40 40 39 37 35 30 22 16 16 16 16 16 16 16 16 16 16 16 16 16 16 16 16 16 16 16 16 16 16 16 16 8 8 16 8 8 8 8 8 4 4 4 4 4 2 2 2 2 2 2 2 2 1 2 2 2 2 2 2 2 2 2 2 2 2 2 2 2 2 2 2 2 4 4 4 4 4 4 4 4 2 4 4 2 2 2 2 2 2 2 2
41 41 41 40 40 40 40 39 37 35 30 22 16 16 16 16 16 16 16 16 16 16 16 16 16 16 16 16 16 16 16 16 16 16 16 16 8 8 16 8 8 8 8 4 4 4 4 4 4 2 2 2 2 1 2 2 2 1 2 2 2 1 2 2 2 2 2 2 2 2 2 2 2 2 2 2 2 4 4 4 4 4 4 4 4 2 4 4 4 2 2 2 2 2 2 2
41 41 41 40 40 40 40 39 38 35 30 22 16 16 16 16 16 16 16 16 16 16 16 16 16 16 16 16 16 16 16 16 16 8 16 8 8 8 8 8 4 4 4 4 4 4 4 4 4 4 4 2 2 2 2 2 2 2 2 2 2 2 2 2 2 2 2 2 2 2 2 2 2 2 2 4 4 4 4 4 4 4 4 4 4 4 4 4 4 4 4 4 4 2 4 4
41 41 41 40 40 40 40 39 38 35 31 22 16 16 16 16 16 16 16 16 16 16 16 32 32 32 16 16 16 16 16 16 16 16 16 16 16 16 16 8 8 8 8 4 4 4 4 4 4 4 2 2 2 1 2 2 2 1 2 2 2 2 2 2 2 2 2 2 2 1 2 2 2 1 1 2 2 2 4 4 4 4 4 4 4 2 4 4 4 2 2 2 2 2 2 2
41 41 41 40 40 40 40 39 38 35 31 22 16 16 16 16 16 16 16 16 16 16 16 16 16 16 16 16 16 16 16 16 16 16 16 16 16 16 16 4 8 4 8 4 4 4 4 4 4 4 4 2 2 1 2 2 2 1 2 2 2 2 2 2 2 2 2 2 2 1 2 2 2 1 1 2 2 2 2 4 4 2 4 4 4 4 4 4 4 2 4 2 2 2 2 2
41 41 41 40 40 40 40 39 38 35 31 22 16 16 16 16 16 16 16 16 16 16 16 16 8 8 16 16 16 16 16 16 16 16 16 16 16 16 16 4 4 4 8 4 4 4 4 4 4 4 4 2 2 1 2 2 2 1 2 2 2 2 2 2 2 1 2 2 2 1 2 2 1 1 1 2 2 2 2 2 4 2 4 4 4 4 4 4 4 2 4 4 2 2 2 2
41 41 41 40 40 40 40 39 38 35 31 22 16 16 16 16 16 16 16 16 16 16 16 8 8 8 8 8 8 8 8 8 8 8 8 8 8 8 4 4 4 4 4 4 4 4 4 4 4 4 4 4 2 2 2 2 2 2 2 2 2 2 2 2 2 2 2 2 2 2 2 2 2 2 2 2 2 2 4 4 4 4 4 4 4 4 4 4 4 4 4 4 4 2 4 4
41 41 41 40 40 40 40 39 38 35 31 22 16 16 16 16 16 16 16 16 16 16 16 8 8 8 16 8 8 8 16 8 8 8 16 8 8 8 8 4 4 4 8 4 4 2 4 4 4 2 4 4 2 2 2 2 2 1 2 2 2 1 2 2 2 1 2 2 2 1 2 2 2 1 2 2 2 2 2 2 2 2 4 4 4 4 4 4 4 2 4 4 4 2 2 2
41 41 41 40 40 40 40 39 38 36 31 22 16 16 16 16 16 16 16 16 16 16 16 8 8 8 16 8 8 8 16 8 8 8 16 8 8 8 8 8 8 4 8 4 4 2 4 2 2 2 4 2 2 2 2 2 2 1 2 2 2 2 2 2 2 1 2 2 2 1 2 2 2 1 2 2 2 2 2 2 2 2 4 4 4 4 4 4 4 2 4 4 4 2 2 2
41 41 41 40 40 40 40 39 38 36 31 22 16 16 16 16 16 16 16 16 16 16 16 8 8 8 16 8 8 8 16 8 8 8 16 8 8 8 8 8 8 8 8 4 4 2 2 2 2 2 2 2 2 2 2 2 2 1 2 2 2 2 2 2 2 1 2 2 2 1 2 2 2 1 2 2 2 2 2 2 2 2 4 4 4 4 4 4 4 2 4 4 4 2 2 2
41 41 41 40 40 40 40 39 38 36 31 22 16 16 16 16 16 16 16 16 8 8 16 8 8 8 8 8 8 8 8 8 8 8 8 8 8 4 8 4 4 4 8 4 4 2 4 4 2 2 2 4 4 2 2 2 2 2 2 2 2 2 2 2 2 2 2 2 2 2 2 2 2 2 2 2 2 2 2 2 4 2 4 4 4 4 4 4 4 4 4 4 4 4 4 4
41 41 41 40 40 40 40 39 38 36 31 22 16 16 16 16 16 16 16 16 16 8 16 8 8 8 16 8 8 8 16 8 8 8 8 8 8 8 8 8 8 8 8 8 2 2 2 2 2 2 2 2 2 2 2 2 2 2 2 2 2 1 2 2 2 1 2 2 2 1 2 2 2 2 2 2 2 2 2 2 2 2 4 4 4 4 4 4 4 4 4 4 4 2 4 4
41 41 41 40 40 40 40 39 38 36 31 22 16 16 16 16 16 16 16 8 8 8 16 8 8 8 16 8 8 8 16 8 8 8 8 8 8 8 8 4 4 8 8 8 2 2 2 2 2 2 2 2 2 2 2 2 2 2 2 2 2 1 2 2 2 1 2 2 2 2 2 2 2 2 2 2 2 2 2 2 2 2 2 4 4 4 8 4 4 4 4 4 4 2 4 4
41 41 41 40 40 40 40 39 38 36 31 22 16 16 16 16 16 16 16 8 8 8 16 8 8 8 16 8 8 8 8 8 8 8 8 8 8 8 8 4 4 4 8 4 4 2 2 2 2 2 2 2 2 2 2 2 2 2 2 2 2 1 2 2 2 1 2 2 2 2 2 2 2 2 2 2 2 2 2 2 2 2 2 4 4 4 8 4 4 4 4 4 4 2 4 4
41 41 41 40 40 40 40 39 38 36 31 22 16 16 16 16 8 8 8 8 8 8 8 8 8 8 8 8 8 8 8 8 8 8 8 8 8 4 4 4 4 4 4 4 4 2 4 4 4 2 4 2 2 2 2 2 2 2 2 2 2 2 2 2 2 2 2 2 2 2 2 2 2 2 2 2 2 2 2 2 2 2 2 4 4 4 4 4 4 4 4 4 4 4 4 4
41 41 41 40 40 40 40 39 38 36 31 22 16 16 16 16 8 8 16 8 8 8 16 8 8 8 16 8 8 8 8 8 8 8 8 8 8 4 4 4 4 4 4 4 4 2 2 2 2 2 2 2 2 2 2 2 2 2 2 2 2 1 2 2 2 1 2 2 2 2 2 2 2 2 2 2 2 2 2 2 2 1 2 2 4 4 4 4 4 4 4 4 4 4 4 4
41 41 41 40 40 40 40 39 38 36 31 22 16 16 16 8 8 8 16 8 8 8 16 8 8 8 16 8 8 8 8 8 8 8 8 8 8 8 8 4 4 4 4 4 4 2 2 2 2 2 2 2 2 2 2 2 2 2 2 2 2 1 2 2 2 1 2 2 2 2 2 2 2 2 2 2 2 2 2 2 2 2 2 2 4 4 4 4 4 4 4 4 4 4 4 4
41 41 41 40 40 40 40 39 38 36 31 21 16 16 16 8 8 8 16 8 8 8 16 8 8 8 8 8 8 8 8 8 8 8 8 8 8 8 8 4 4 4 4 4 4 2 2 2 2 2 2 2 2 2 2 2 2 2 2 2 2 1 2 2 2 1 2 2 2 2 2 2 2 2 2 2 2 2 2 2 2 2 2 2 4 4 4 4 4 4 4 4 4 4 4 4
41 41 41 40 40 40 40 39 38 36 31 20 8 8 8 8 8 8 8 8 8 8 8 8 8 8 8 8 8 8 8 8 8 4 8 4 4 4 8 4 4 4 4 4 4 4 4 2 2 2 4 4 4 2 2 2 2 2 2 2 2 2 2 2 2 2 2 2 2 2 2 4 4 2 2 2 2 2 2 2 2 2 4 4 4 4 4 4 4 4 4 4 4 4 4 4
41 41 41 40 40 40 40 39 38 36 31 20 16 16 16 8 8 8 16 8 8 8 16 8 8 8 8 8 8 8 8 8 8 8 8 8 8 8 8 4 4 2 4 4 4 4 4 2 2 2 2 2 2 2 2 2 2 2 2 2 2 1 2 2 2 1 2 2 2 1 2 2 2 1 2 2 2 1 2 2 2 2 2 2 4 4 4 4 4 4 4 4 4 4 4 4
41 41 41 40 40 40 40 39 38 36 31 23 16 16 16 8 8 8 16 8 8 8 16 8 8 8 8 8 8 8 8 8 8 8 8 8 8 8 8 4 2 2 4 4 4 2 4 2 2 2 2 2 2 2 2 2 2 2 2 2 2 1 2 2 2 1 2 2 2 1 1 2 2 1 2 2 2 1 2 2 2 2 2 2 4 4 4 4 4 4 4 4 4 4 4 4
41 41 41 40 40 40 40 39 38 36 31 25 17 16 16 8 8 8 16 8 8 8 16 8 8 8 8 8 8 8 8 8 8 8 8 8 8 8 8 4 4 2 4 4 4 2 4 2 2 2 2 2 2 2 2 2 2 2 2 2 2 1 2 2 2 1 2 2 1 1 1 2 2 1 2 2 2 1 2 2 2 2 2 2 4 4 4 4 4 4 4 4 4 4 4 4
41 41 41 40 40 40 40 39 38 36 32 26 17 8 8 8 8 8 8 8 8 8 8 8 8 8 8 8 8 4 8 4 4 4 8 4 4 4 4 4 4 4 4 4 4 4 4 4 4 2 4 4 4 2 4 2 2 2 2 2 2 2 2 2 2 2 2 2 2 1 2 2 2 2 2 2 2 2 2 2 2 2 2 2 4 4 4 4 4 4 4 4 4 4 4 4
41 41 40 40 40 40 40 39 38 36 33 27 16 8 16 8 8 8 8 8 8 8 16 8 8 8 8 8 8 8 8 8 8 8 8 8 4 4 4 4 4 4 4 4 4 2 2 2 2 2 2 2 2 2 2 2 2 2 2 2 2 2 2 2 2 1 2 2 2 1 2 2 2 1 2 2 2 1 2 2 2 1 2 2 2 4 4 8 8 8 8 4 4 4 4 4
41 41 40 40 40 40 40 39 38 36 33 27 17 8 16 8 8 8 8 8 8 8 16 8 8 8 8 8 8 8 8 8 8 8 8 4 4 4 4 4 4 4 4 4 4 2 2 2 2 2 2 2 2 2 2 2 2 2 2 2 2 2 2 2 2 1 2 2 2 1 2 2 2 1 2 2 2 1 2 2 2 1 2 2 4 4 4 4 8 8 8 4 4 4 4 4
41 41 40 40 40 40 40 39 38 36 33 27 17 16 16 8 8 8 16 8 8 8 16 8 8 8 8 8 8 8 8 8 8 8 8 4 4 4 4 4 4 2 4 4 4 2 2 2 2 2 2 2 2 2 2 2 2 2 2 2 2 2 2 2 2 1 2 2 2 1 2 2 2 1 2 2 2 1 2 2 2 1 2 2 2 4 4 4 4 8 8 4 4 4 4 4
41 41 40 40 40 40 40 39 38 37 33 28 19 8 16 8 16 16 16 8 8 8 8 8 4 4 8 4 4 8 8 8 8 8 8 4 4 4 4 4 4 4 4 4 4 2 4 4 4 2 4 4 4 2 4 4 4 2 2 2 2 2 2 2 2 2 2 2 2 2 2 2 2 2 2 2 2 2 2 2 2 1 2 2 2 4 4 4 4 4 4 4 4 4 4 4
41 41 40 40 40 40 40 39 38 37 34 28 19 16 16 16 16 16 16 16 8 8 16 8 8 8 8 8 8 8 8 8 8 8 8 4 4 4 4 4 4 2 4 4 4 2 2 2 2 2 2 2 2 2 2 2 2 2 2 2 2 2 2 2 2 1 2 2 2 1 2 2 2 1 2 2 2 1 1 1 1 1 1 2 2 4 2 4 4 8 8 4 4 4 4 4
41 41 40 40 40 40 40 39 38 37 34 29 19 16 16 16 16 16 16 8 8 8 16 8 8 8 8 8 8 8 8 8 8 8 8 4 4 4 4 4 4 2 4 4 2 2 2 2 2 2 2 2 2 2 2 2 2 2 2 2 2 2 2 2 2 1 2 2 2 1 2 2 2 1 2 2 2 1 1 1 1 1 1 1 1 2 2 4 4 4 4 4 4 4 4 4
41 41 40 40 40 40 40 39 39 37 34 29 18 8 16 8 16 16 16 8 8 8 8 8 8 8 8 8 8 8 8 8 8 8 8 4 4 4 4 4 4 2 4 4 2 2 2 2 2 2 2 2 2 2 2 2 2 2 2 2 2 2 2 2 2 1 2 2 2 1 2 2 2 1 2 2 2 1 1 1 1 1 1 1 1 2 2 4 4 4 4 4 4 4 4 4
41 41 40 40 40 40 40 39 39 37 34 29 18 8 8 8 8 8 8 8 8 8 8 4 4 4 8 8 8 8 8 8 8 8 8 4 4 4 4 4 4 4 4 4 4 2 4 4 4 2 4 4 2 2 4 4 4 2 2 2 2 2 2 2 2 2 2 2 2 2 2 2 2 2 2 2 2 1 2 2 2 1 1 1 1 2 2 4 4 4 4 4 4 4 4 4
41 40 40 40 40 40 40 40 39 37 34 29 19 16 16 8 8 8 16 8 8 8 8 8 8 8 8 8 8 8 16 8 8 8 8 4 4 4 4 4 4 2 2 2 2 2 2 2 2 2 2 2 2 2 2 2 2 2 2 2 1 1 2 2 2 1 2 2 2 1 2 2 2 1 2 2 2 1 2 2 1 1 1 1 1 2 2 2 2 2 4 4 4 2 4 4
41 40 40 40 40 40 40 40 39 37 34 29 21 16 16 8 8 8 16 8 8 8 8 8 8 8 8 8 8 8 8 8 8 8 8 4 4 4 4 4 4 2 2 2 2 2 2 2 2 2 2 2 2 2 2 2 2 1 2 2 1 1 2 2 2 1 2 2 2 1 2 2 2 1 2 2 2 1 2 2 2 1 2 2 2 2 2 2 2 2 4 4 4 2 4 4
40 40 40 40 40 40 40 40 39 37 35 30 20 16 16 8 8 8 16 8 8 8 8 8 8 8 8 8 8 8 8 8 8 8 8 4 4 4 4 4 4 2 2 2 2 2 2 2 2 2 2 2 2 2 2 2 2 2 2 2 2 1 2 2 2 1 2 2 2 1 2 2 2 1 2 2 2 1 2 2 2 1 2 2 2 2 2 2 2 2 4 4 4 2 4 4
40 40 40 40 40 40 40 40 39 37 35 30 20 8 16 8 8 8 8 8 8 4 8 4 4 4 8 8 8 8 8 4 4 4 8 4 4 4 4 4 4 2 4 4 4 2 2 2 2 2 2 2 2 2 2 2 2 2 2 2 2 2 2 2 2 2 2 2 2 2 2 2 2 2 2 2 2 2 2 2 2 2 2 2 2 2 4 4 4 2 4 4 4 2 4 4
