inputs/directions.asc
ncols         404
nrows         404
xllcorner     4681261
yllcorner     2523693
cellsize      1
NODATA_value  -9999
[rows 130 to 194 of 404, columns 0 to 95 of 404]
46 46 47 50 58 64 64 64 64 64 64 64 64 64 64 64 64 128 64 64 64 128 128 128 128 128 64 64 64 64 64 64 64 64 64 64 64 32 32 32 32 32 16 32 32 32 16 32 32 32 32 32 32 32 32 32 32 32 32 32 32 32 32 32 32 32 32 32 32 32 32 32 32 32 32 32 32 32 32 32 32 32 32 32 32 32 32 32 32 32 32 32 32 32 32 64
46 46 47 51 59 64 64 64 64 64 64 64 64 64 64 64 64 128 64 64 64 128 64 64 64 128 64 64 64 64 64 64 64 64 64 64 64 64 32 32 32 32 16 32 32 32 16 32 32 32 32 32 32 32 32 32 32 32 32 32 32 32 32 32 32 32 32 32 32 32 32 32 32 32 32 32 32 32 32 32 32 32 32 32 32 32 32 32 32 32 32 32 32 32 32 128
46 46 48 51 59 64 64 64 64 64 64 64 64 64 64 64 64 128 64 64 64 128 64 64 64 128 64 64 64 64 64 64 64 64 64 64 64 64 32 32 32 32 32 32 32 32 16 32 32 32 32 32 32 32 32 32 32 32 32 32 32 32 32 32 32 32 32 32 32 32 32 32 32 32 32 32 32 32 32 32 64 32 32 32 32 32 32 32 32 32 32 32 32 32 32 128
46 47 48 51 54 64 64 64 64 64 64 64 64 64 64 64 64 64 64 64 64 64 64 64 64 64 64 64 64 64 64 64 64 64 64 64 64 64 32 64 64 32 32 32 32 32 32 32 32 32 32 32 32 32 32 32 32 32 32 32 64 64 32 64 64 64 32 32 32 32 32 32 32 32 32 32 32 32 32 64 64 64 32 64 64 64 32 64 64 64 32 64 64 32 32 64
46 47 48 50 47 32 32 64 64 64 32 64 64 64 64 64 64 128 64 64 64 128 64 64 64 128 64 64 64 64 64 64 64 64 64 64 64 64 32 32 32 32 32 32 32 32 16 32 32 32 32 32 32 32 32 32 32 32 32 32 32 32 32 32 32 32 32 32 32 32 32 32 32 32 32 32 32 32 32 32 32 32 32 32 32 32 32 32 32 32 32 32 32 32 32 64
47 47 48 48 40 32 32 32 64 64 32 64 64 64 32 64 64 128 64 64 64 128 64 64 64 128 64 64 64 64 64 64 64 64 64 64 64 64 32 32 32 32 16 16 16 32 16 32 32 32 32 32 32 32 32 32 32 32 32 32 32 32 32 32 32 32 32 32 32 32 32 32 32 32 32 32 32 32 32 32 32 32 32 32 32 32 32 32 32 32 32 32 32 32 32 64
47 47 48 46 38 32 32 32 32 64 32 64 64 64 32 128 64 128 64 64 64 128 64 64 64 128 64 64 64 64 64 64 64 64 64 64 64 64 64 64 32 32 32 16 16 32 16 32 32 32 32 32 32 32 32 32 32 32 32 32 32 32 32 32 32 32 32 32 32 32 32 32 32 32 32 32 32 32 32 32 32 32 32 32 32 32 32 32 32 32 32 32 32 32 32 64
47 47 47 45 38 32 32 64 64 64 64 64 64 64 64 64 64 64 64 64 64 64 64 64 64 64 64 64 64 64 64 64 64 64 64 64 64 64 64 64 64 32 32 32 32 32 32 32 32 32 32 64 64 64 32 32 32 32 32 32 32 32 32 32 32 32 32 32 32 32 32 32 32 32 32 32 32 32 32 64 64 64 32 64 64 64 32 64 64 64 32 64 64 64 32 64
47 47 46 44 37 32 32 32 32 64 32 64 64 64 64 64 64 64 64 64 64 64 64 64 64 128 64 64 64 128 64 64 64 64 64 64 64 64 64 64 64 32 16 32 32 32 32 32 32 32 32 32 32 32 32 32 32 32 32 32 32 32 32 32 32 32 32 32 32 32 32 32 32 32 32 32 32 32 32 32 32 32 32 32 32 32 32 32 32 32 32 32 32 32 32 64
47 47 46 43 37 32 32 32 32 64 32 64 64 64 64 64 64 64 64 64 64 64 64 64 64 128 64 64 64 128 64 64 64 64 64 64 64 128 64 64 64 64 32 32 32 32 32 32 32 32 32 32 32 32 32 32 32 32 32 32 32 32 32 32 32 32 32 32 32 32 32 32 32 32 32 32 32 32 32 32 32 32 32 32 32 32 32 32 32 32 32 32 32 32 32 64
47 47 46 43 37 32 32 32 32 64 32 64 64 64 64 64 64 64 64 64 64 64 64 64 128 128 64 64 64 128 64 64 64 64 64 64 64 128 64 64 64 64 32 32 32 32 32 32 32 32 32 32 32 32 32 32 32 32 32 32 32 32 32 32 32 32 32 32 32 32 32 32 32 32 32 32 32 32 32 32 32 32 32 32 32 32 32 32 32 32 32 32 32 32 32 64
47 47 46 43 36 32 32 32 64 64 64 64 64 64 64 64 64 64 64 64 64 64 64 64 64 64 64 64 64 64 64 64 64 64 64 64 64 64 64 64 64 64 32 32 32 32 32 64 64 64 32 64 64 64 32 64 32 32 32 32 32 32 32 32 32 32 32 32 32 32 32 32 32 32 32 64 64 64 32 64 64 64 64 64 64 64 32 64 64 64 32 64 64 64 64 64
47 46 45 42 37 32 32 32 32 32 32 64 64 64 64 64 64 64 64 64 64 64 64 64 64 128 64 64 64 128 64 64 64 64 64 64 64 64 64 64 64 64 32 32 32 32 32 32 32 32 32 64 64 64 32 32 32 32 32 32 32 32 32 32 32 32 32 32 32 32 32 32 32 32 32 32 32 32 32 32 32 32 32 64 64 64 32 32 32 32 32 32 32 64 32 64
47 46 45 43 39 34 32 32 32 32 32 64 64 64 64 64 64 64 64 64 64 64 64 64 64 128 64 64 64 128 64 64 64 128 64 64 64 64 32 64 64 64 32 32 32 32 32 32 32 32 32 64 64 64 64 64 32 32 32 32 32 32 32 32 32 32 32 32 32 32 32 32 32 32 32 32 32 32 32 32 32 32 32 64 64 64 32 32 32 32 32 32 32 64 32 64
46 46 45 43 39 35 32 32 32 32 32 32 64 64 64 64 64 64 64 64 64 64 64 64 64 128 64 64 64 128 64 64 64 128 64 64 64 32 32 32 32 32 32 32 32 32 32 32 32 64 32 64 64 64 64 64 32 32 32 32 32 32 32 32 32 32 32 32 32 32 32 32 32 32 32 32 32 32 32 32 32 32 32 64 64 64 32 32 32 32 32 32 32 64 32 64
46 46 45 43 40 35 32 32 64 64 32 64 64 64 64 64 64 64 64 64 64 64 64 64 64 64 64 64 64 64 64 64 64 64 64 64 64 64 32 64 64 64 32 64 64 64 32 64 64 64 64 64 64 64 64 64 64 64 32 32 32 32 32 32 32 32 32 32 32 32 32 32 32 32 32 64 64 64 32 64 64 64 32 64 64 64 32 64 64 64 32 64 64 64 64 64
46 46 45 43 40 35 32 32 32 32 32 32 64 64 32 64 64 64 64 64 64 128 64 64 64 128 64 64 64 128 64 64 64 128 64 64 64 32 16 32 32 32 32 32 32 32 32 32 64 64 32 64 64 64 64 64 64 64 32 32 32 32 32 32 32 32 32 32 32 32 32 32 32 32 32 32 32 32 32 32 32 32 32 32 32 32 32 32 32 32 32 32 32 64 32 64
46 46 45 43 41 35 32 32 32 32 32 32 32 64 32 64 64 64 64 64 64 128 64 64 64 128 64 64 64 128 64 64 64 128 64 64 64 64 32 32 32 32 32 32 32 32 32 64 64 64 32 64 64 64 64 64 64 64 32 32 32 32 32 32 32 32 32 32 32 32 32 32 32 32 32 32 32 32 32 32 32 32 32 32 32 32 32 32 32 32 32 32 32 32 32 64
46 46 45 43 41 35 32 32 32 32 32 32 32 64 32 64 64 64 64 64 64 128 64 64 64 128 64 64 64 64 64 64 64 128 64 64 64 32 32 32 32 32 32 32 32 32 32 64 64 64 64 64 64 64 64 64 64 64 32 32 32 32 32 32 32 32 32 32 32 32 32 32 32 32 32 32 32 32 32 32 32 32 32 32 32 32 32 32 32 64 32 64 32 32 32 64
46 45 45 43 41 35 32 64 64 64 32 64 64 64 64 64 64 64 64 64 64 64 64 64 64 64 64 64 64 64 64 64 64 64 64 64 64 64 32 64 64 64 32 64 64 64 32 64 64 64 64 64 64 64 64 64 64 64 64 64 32 32 32 32 32 32 32 32 32 32 32 32 32 32 32 64 64 64 32 64 64 64 32 64 64 64 32 64 64 64 64 64 64 64 64 64
46 45 45 43 41 35 32 32 32 32 32 32 32 64 32 64 64 64 64 64 64 64 64 64 64 128 64 64 128 64 64 64 64 64 64 64 64 64 32 32 32 32 32 32 32 32 32 64 64 64 64 64 64 64 64 64 64 64 64 32 32 32 32 32 32 32 32 32 32 32 32 32 32 32 32 32 32 32 32 32 32 32 32 32 32 32 32 32 32 32 32 64 64 32 32 64
46 45 45 43 41 36 32 32 32 32 32 32 32 64 32 64 64 64 64 64 64 64 64 64 64 128 64 64 128 64 64 64 32 64 32 64 64 64 32 32 32 32 32 32 32 32 32 64 64 64 64 64 64 64 64 64 64 64 64 32 32 32 32 32 32 32 32 32 32 32 32 32 32 32 32 32 32 32 32 32 32 32 32 32 32 32 32 32 32 32 32 64 64 64 32 64
45 45 45 43 41 36 32 32 32 32 32 32 32 64 32 64 64 64 32 64 64 64 64 64 64 128 64 64 128 64 64 64 32 64 32 64 64 64 32 32 32 32 32 32 32 32 32 64 64 64 64 64 64 64 64 64 64 64 64 64 32 32 32 32 32 32 32 32 32 32 32 32 32 32 32 32 32 32 32 32 32 32 32 32 32 32 32 32 32 32 32 64 64 64 32 64
45 45 45 43 41 33 32 32 32 64 32 64 64 64 64 64 64 64 64 64 64 64 64 64 64 64 64 64 64 64 64 64 64 64 64 64 64 64 32 64 64 64 32 64 64 64 32 64 64 64 64 64 64 64 64 64 64 64 64 64 64 32 32 32 32 32 32 32 32 32 32 32 32 32 32 64 64 64 32 64 64 64 32 64 64 64 32 64 64 64 32 64 64 64 64 64
45 45 45 43 40 30 16 32 32 32 32 32 32 64 32 64 64 64 64 64 64 64 64 64 64 64 64 64 64 64 64 64 64 64 32 64 64 64 32 64 32 32 32 32 32 32 32 64 64 64 64 64 64 64 64 64 64 64 32 32 32 32 16 32 32 32 32 32 32 32 32 32 32 32 32 32 32 32 32 32 32 32 32 32 32 32 32 32 32 32 32 32 32 64 32 64
45 45 45 43 39 26 16 32 32 32 32 32 32 64 32 64 64 64 64 64 64 64 64 64 64 64 64 64 64 64 64 64 64 64 64 64 64 64 32 64 32 32 32 32 32 32 32 64 64 64 64 64 64 64 64 64 64 64 32 32 32 32 16 32 32 32 32 32 32 32 32 32 32 32 32 32 32 32 32 32 32 32 32 32 32 32 32 32 32 32 32 32 64 64 32 64
45 45 44 43 38 28 16 32 32 32 32 32 32 32 32 64 64 64 64 64 64 64 64 64 64 64 64 64 64 64 64 64 64 64 64 64 64 64 32 64 64 32 32 32 32 32 32 32 64 64 64 64 64 128 64 128 64 64 32 32 32 16 16 32 32 32 32 32 32 32 32 32 32 32 32 32 32 32 32 32 32 32 32 32 32 32 32 32 32 32 32 32 32 64 32 64
45 45 44 42 38 28 32 32 32 32 32 64 64 64 64 64 64 64 64 64 64 64 64 64 64 64 64 64 64 64 64 64 64 64 64 64 64 64 64 64 64 64 32 64 64 64 32 64 64 64 64 64 64 64 64 64 64 64 64 32 32 32 32 32 32 32 32 32 32 32 32 32 32 32 32 64 64 64 32 64 64 64 32 64 64 64 32 64 64 64 32 64 64 64 64 64
45 45 44 42 37 28 16 32 32 32 32 32 32 32 32 64 64 64 64 64 64 64 64 64 64 64 64 64 64 64 64 64 64 64 64 64 64 64 64 64 64 64 32 32 32 32 32 32 32 32 32 64 64 128 64 128 64 64 64 32 32 32 16 32 32 32 32 32 32 32 32 32 32 32 32 32 32 32 32 32 32 32 32 32 32 32 32 32 32 32 32 32 32 32 32 64
45 45 44 42 37 25 16 32 32 32 32 32 32 32 32 64 64 64 64 64 64 64 64 64 64 64 64 64 64 64 64 64 64 64 64 64 64 64 64 64 64 64 64 64 32 32 32 32 32 32 32 64 64 64 64 64 64 64 64 64 32 32 16 32 32 32 32 32 32 32 32 32 32 32 32 32 32 32 32 32 32 32 32 32 32 32 32 32 32 32 32 32 32 32 32 64
45 45 44 42 36 27 16 32 32 32 32 32 32 64 32 64 64 64 64 64 64 64 64 64 64 64 64 64 64 64 64 64 64 64 64 64 64 64 64 64 64 64 64 64 64 32 32 32 16 32 32 64 64 64 64 64 64 64 64 64 32 32 32 32 32 32 32 32 32 32 32 32 32 32 32 32 32 32 32 32 32 32 32 32 32 32 32 32 32 32 32 32 32 32 32 64
45 44 44 41 37 27 32 32 32 32 32 64 64 64 64 64 64 64 64 64 64 64 64 64 64 64 64 64 64 64 64 64 64 64 64 64 64 64 64 64 64 64 64 64 64 64 32 32 32 32 32 64 64 64 64 64 64 64 64 64 64 64 32 64 64 64 32 64 64 64 32 32 32 32 32 32 64 64 32 64 64 64 32 64 64 64 32 64 64 64 32 64 64 64 64 64
45 44 43 41 37 27 16 32 32 32 16 32 32 32 64 64 64 64 32 64 64 64 64 64 64 64 64 64 64 64 64 64 64 128 64 128 64 128 64 64 64 64 64 64 64 64 32 32 16 32 32 32 64 64 64 64 64 64 64 64 64 32 32 32 32 32 32 64 64 32 32 32 32 32 32 32 32 32 32 32 32 32 32 32 32 32 32 32 32 32 32 32 32 32 32 64
44 44 43 41 37 25 16 32 32 32 16 32 32 16 64 64 64 64 32 64 64 64 64 64 64 64 64 64 64 64 64 64 64 128 128 128 64 128 64 64 64 64 64 64 64 64 32 32 32 32 32 32 32 64 32 64 64 64 64 64 64 64 32 32 32 32 32 64 64 64 32 32 32 32 32 32 32 32 32 32 32 32 32 32 32 32 32 32 32 32 32 32 32 32 32 64
44 44 43 41 36 27 16 32 32 32 16 16 16 16 16 64 64 64 32 64 64 64 64 64 64 128 64 64 64 64 64 64 64 1 128 128 128 128 64 64 64 64 64 64 64 64 32 32 32 32 32 32 32 64 32 64 64 64 64 64 64 64 32 32 64 64 32 64 64 64 32 32 32 32 32 32 32 32 32 32 32 32 32 32 32 32 32 32 32 32 32 32 32 32 32 64
44 44 43 41 36 27 32 32 32 32 32 32 32 32 32 64 64 64 32 64 64 64 64 64 64 64 64 64 64 64 64 64 64 1 128 128 128 64 64 64 64 64 64 64 64 64 64 32 32 32 32 64 64 64 64 64 64 64 64 64 64 64 64 64 64 64 64 64 64 64 32 64 64 64 32 32 32 64 32 64 64 64 32 64 64 64 32 64 64 64 32 64 64 32 32 64
44 44 43 41 36 30 16 32 32 32 16 32 32 32 16 32 32 32 32 32 32 128 128 128 128 128 64 64 64 128 128 128 128 1 128 128 64 128 64 64 64 32 32 64 64 64 32 32 32 32 16 32 32 32 32 32 64 64 32 64 64 64 32 64 64 64 32 64 64 64 32 32 32 32 32 32 32 32 32 32 32 32 32 32 32 32 32 32 32 32 32 32 32 32 32 32
44 44 43 41 37 30 29 32 32 32 16 32 32 32 16 32 32 32 32 32 32 128 128 128 128 128 64 64 64 128 128 128 128 128 128 128 64 128 64 64 32 64 32 64 64 64 32 32 32 32 32 32 32 32 32 32 32 64 32 64 64 64 32 64 64 64 32 64 64 64 64 64 64 64 32 32 32 32 32 32 32 32 32 32 32 32 32 32 32 32 32 32 32 32 32 32
44 44 43 41 37 33 31 32 32 32 16 32 32 32 16 32 32 32 32 32 32 128 128 128 128 128 64 64 128 128 128 128 128 128 128 128 64 128 64 64 64 32 32 32 32 32 32 32 32 32 32 32 32 32 32 32 32 32 32 64 64 64 32 64 64 64 32 64 64 64 32 64 64 64 32 32 32 32 32 32 32 32 32 32 32 32 32 32 32 32 32 32 32 32 32 32
44 43 43 41 38 35 32 32 32 32 32 32 32 32 32 32 32 32 32 32 32 64 64 64 64 128 64 64 64 128 64 64 64 128 64 64 64 128 64 64 64 64 32 64 64 64 32 64 64 64 32 32 32 64 32 64 64 64 64 64 64 64 64 64 64 64 64 64 64 64 64 64 64 64 64 64 64 64 32 64 64 64 32 64 64 64 32 64 64 64 32 64 64 64 32 64
44 43 43 41 39 36 33 32 32 32 16 32 32 32 16 32 32 32 32 32 32 32 32 64 64 128 64 128 128 128 128 128 128 128 128 128 128 128 64 64 64 32 32 32 32 32 32 32 32 32 32 32 32 32 32 32 32 32 32 32 32 32 32 64 64 64 32 64 64 64 32 64 64 64 32 32 32 32 32 64 64 64 32 32 32 32 32 32 32 32 32 32 32 32 32 32
43 43 42 41 39 37 34 32 32 32 16 32 32 32 16 32 32 32 32 32 32 32 32 64 64 128 64 64 64 128 128 128 128 128 128 128 128 128 64 64 64 32 32 32 32 32 32 32 32 32 32 32 32 32 32 32 32 32 32 32 32 32 32 32 64 64 32 64 64 64 32 64 64 64 32 64 32 32 32 64 64 64 32 32 32 32 32 32 32 32 32 32 32 32 32 64
43 43 42 41 40 37 34 32 32 32 16 32 32 32 16 32 32 32 32 32 32 32 32 64 64 128 64 64 64 128 128 128 128 128 128 128 128 128 64 64 64 64 32 32 32 32 32 32 32 32 32 32 32 32 32 32 32 32 32 32 32 32 32 32 32 64 32 64 64 64 32 64 64 64 32 64 32 32 32 64 64 64 32 32 32 32 32 32 32 32 32 32 64 64 32 64
43 43 42 41 40 38 34 32 32 32 32 32 32 32 32 32 32 32 32 32 32 64 32 64 64 64 64 64 64 128 64 64 64 128 64 64 64 64 64 64 64 64 32 64 64 64 32 64 32 32 32 32 32 32 32 32 32 32 32 64 64 64 32 64 64 64 32 64 64 64 64 64 64 64 64 64 64 64 64 64 64 64 32 64 64 64 32 64 64 64 32 64 64 64 64 64
43 43 42 42 40 38 34 32 32 32 16 32 32 32 16 32 32 32 16 32 32 32 32 64 64 64 64 64 64 128 128 128 128 128 128 64 64 64 64 64 64 64 32 32 32 32 32 32 32 32 32 32 32 32 16 32 32 32 32 32 32 32 32 32 32 32 32 32 32 64 32 64 64 64 32 64 64 32 32 64 64 64 32 32 32 32 32 32 32 64 32 64 64 64 64 64
43 43 42 42 40 38 34 32 32 32 16 32 32 32 16 32 32 32 16 32 32 32 32 32 64 64 64 64 64 128 64 128 128 128 64 64 64 64 64 64 64 64 32 32 32 32 32 32 32 32 32 32 32 32 16 32 32 32 16 32 32 32 32 32 32 32 32 32 32 32 32 64 64 64 32 64 64 64 32 64 64 64 32 32 32 32 32 32 32 32 32 64 64 64 64 64
43 43 42 42 40 38 34 32 32 32 16 32 32 32 16 32 32 32 16 32 32 32 32 32 32 64 64 64 64 128 64 64 64 128 64 64 64 64 64 64 64 64 32 32 32 32 32 32 32 32 16 32 32 32 16 32 32 32 16 32 32 32 32 32 32 32 32 32 32 32 32 64 64 64 32 64 64 64 32 64 64 32 32 32 32 32 32 32 32 64 64 64 64 128 64 128
43 43 42 42 41 38 35 32 32 32 32 32 32 32 32 32 32 32 32 32 32 32 32 64 64 64 64 64 64 64 64 64 64 128 64 64 64 64 64 64 64 64 32 64 64 32 32 32 32 32 32 32 32 32 16 32 32 32 32 32 32 32 32 32 32 64 32 64 64 64 32 64 64 64 64 64 64 64 32 64 64 64 32 64 64 32 32 32 32 32 32 32 4 2 1 1
43 43 42 42 41 39 35 32 32 32 32 32 32 32 16 16 16 16 16 16 16 16 16 32 32 32 32 64 64 64 64 64 64 128 128 128 128 64 64 64 64 64 32 32 32 32 16 32 32 32 16 16 16 16 16 16 16 16 16 32 32 32 16 32 32 32 32 32 32 32 32 32 64 64 32 64 64 64 32 32 32 64 32 32 32 32 32 32 32 16 16 32 2 2 2 2
43 43 42 42 41 39 35 32 32 32 32 32 32 32 16 16 16 16 16 16 16 16 16 32 32 32 32 64 64 64 64 64 64 128 128 128 64 64 64 64 64 64 32 32 32 32 32 32 32 32 16 16 16 16 16 16 16 16 16 16 32 32 16 32 32 32 32 32 32 32 32 32 64 64 32 64 64 64 32 64 32 64 32 32 32 16 16 32 64 32 2 2 2 2 2 2
43 43 42 42 41 39 35 32 32 32 32 32 32 32 16 16 16 16 16 16 16 16 16 32 32 32 32 64 64 64 64 64 64 128 128 128 64 64 64 64 64 64 32 32 64 64 32 16 16 32 16 16 16 8 16 8 16 16 16 16 32 32 16 32 32 32 16 32 32 32 32 32 64 64 32 64 64 64 32 32 32 32 16 16 16 16 16 4 4 8 2 2 2 2 2 2
43 43 42 42 41 39 35 32 32 32 32 32 32 32 32 32 32 16 16 16 16 16 16 32 64 64 64 64 64 64 64 64 64 64 64 64 64 64 64 64 64 64 64 64 64 64 32 32 32 32 32 16 16 8 16 16 16 16 16 32 32 32 32 32 32 32 32 32 32 64 32 64 64 64 32 64 64 32 32 32 32 4 16 16 16 16 4 4 4 4 4 4 2 2 2 2
43 43 42 42 41 39 35 32 32 32 32 32 32 32 32 32 32 16 16 16 16 32 16 32 32 64 32 32 32 64 64 64 64 128 64 64 64 64 64 64 64 64 64 64 64 64 64 32 32 32 32 32 16 16 16 16 16 16 16 16 16 32 16 32 32 32 16 32 32 32 32 32 32 32 64 32 16 16 16 16 4 4 4 16 16 4 4 4 4 4 4 4 2 2 2 2
43 43 42 42 41 39 35 32 32 32 32 32 32 32 32 32 32 32 16 32 32 32 16 32 32 64 32 32 32 64 64 64 64 64 64 64 64 64 64 64 64 64 64 64 64 64 64 64 32 32 32 16 16 16 16 16 16 16 16 32 32 32 16 32 32 32 16 32 32 32 32 32 16 128 64 32 32 16 4 4 4 4 4 16 4 4 4 4 4 4 2 4 2 2 2 2
43 43 42 42 41 39 40 32 32 32 32 32 32 64 32 32 32 32 16 32 32 32 32 32 32 32 32 32 32 64 64 64 64 64 64 64 64 64 64 64 64 64 64 64 64 64 64 64 64 64 32 32 32 32 16 32 32 32 16 32 32 32 16 32 16 16 16 32 32 32 32 64 32 16 64 64 2 2 2 4 4 4 4 4 4 4 4 4 4 4 4 4 4 2 4 4
43 43 42 42 41 40 41 64 64 64 32 64 64 64 64 64 64 64 32 64 64 64 32 64 64 64 32 64 64 64 64 64 64 64 64 64 64 64 64 64 64 64 64 64 64 64 64 64 64 64 64 64 64 64 32 32 32 32 32 32 32 32 16 32 32 32 32 32 32 32 32 64 64 32 16 2 2 2 4 4 4 4 4 4 4 2 4 4 4 2 4 2 4 2 2 4
43 42 42 42 41 41 42 32 32 32 32 64 64 64 64 32 32 32 32 32 32 32 32 32 32 32 32 32 32 32 64 64 64 64 64 64 64 64 64 64 64 64 64 64 64 128 64 64 64 64 64 64 64 32 32 32 32 32 32 32 32 32 16 32 32 32 16 32 32 32 16 16 4 8 2 2 2 2 4 4 4 4 4 4 4 2 4 4 4 4 4 4 4 2 4 4
43 42 42 42 41 41 37 32 32 32 32 64 64 64 32 32 32 32 32 32 32 32 32 32 32 32 32 32 32 32 64 64 64 64 64 64 64 64 64 64 64 64 64 64 64 128 64 64 64 64 64 64 64 32 32 32 32 32 32 32 32 32 16 32 32 32 16 32 32 8 32 16 2 2 2 2 2 2 4 4 4 4 4 2 2 2 4 4 4 4 4 4 4 2 4 4
42 42 42 42 42 40 41 32 32 32 32 64 64 64 32 32 32 32 32 32 32 32 32 32 32 32 32 32 32 64 64 64 64 64 64 64 64 64 64 64 64 64 64 64 64 128 64 64 64 64 64 64 64 64 32 32 32 32 32 32 32 32 32 32 32 32 32 32 8 16 2 2 2 2 4 4 4 2 4 4 4 2 4 4 4 4 4 4 4 4 4 4 4 4 4 4
42 42 42 42 41 41 42 64 64 64 64 64 64 64 32 64 32 32 32 32 32 32 32 64 64 64 32 64 64 64 64 64 64 64 64 64 64 64 64 64 64 64 64 64 64 64 64 64 64 64 64 64 64 64 32 64 64 64 32 64 64 64 32 32 32 32 32 32 16 2 2 2 2 2 2 2 2 2 2 2 4 2 2 2 2 2 4 4 4 4 4 4 4 4 4 4
42 42 42 42 42 41 44 32 32 32 32 64 64 64 32 32 32 32 32 32 32 32 32 32 32 32 32 32 32 64 64 64 64 64 64 64 64 64 32 64 64 64 64 64 64 128 64 64 64 64 64 64 64 32 32 32 32 32 32 32 32 32 32 32 32 32 32 64 32 2 2 2 2 2 2 2 2 2 2 2 2 2 2 2 2 2 4 4 4 4 4 4 4 4 4 4
42 42 42 42 42 42 40 35 32 32 32 32 32 32 32 32 32 32 32 32 32 32 32 32 32 32 16 32 32 64 64 64 64 32 32 64 64 64 32 64 64 64 64 64 64 128 64 64 64 64 64 64 64 32 32 32 32 32 32 32 32 32 32 32 32 32 128 64 2 2 2 2 2 2 2 2 2 2 2 2 2 2 2 2 2 2 2 4 4 4 4 4 4 4 4 4
42 42 42 42 42 42 40 35 32 32 32 32 32 32 32 32 32 32 32 32 32 32 32 32 32 32 16 32 32 32 64 64 32 32 32 64 64 64 32 64 64 64 64 64 64 64 64 64 64 64 64 64 64 32 32 32 32 32 32 64 32 32 32 32 32 128 2 2 2 2 2 2 2 2 4 4 4 2 2 4 2 2 2 2 2 2 2 2 4 4 4 4 4 4 4 4
42 42 42 42 42 41 39 35 32 64 32 64 64 64 32 32 32 32 32 32 32 32 32 32 32 32 32 32 32 32 32 64 64 64 64 64 64 64 64 64 64 64 64 64 64 64 64 64 64 64 64 64 64 64 32 32 32 32 32 64 64 32 32 32 128 64 2 2 2 2 2 2 2 2 2 2 2 2 2 2 2 2 2 2 2 1 2 2 2 4 4 4 4 4 4 4
42 42 42 42 42 41 39 35 32 32 32 32 32 32 32 32 32 32 16 32 32 32 16 32 32 32 16 32 32 32 16 32 32 32 32 32 32 64 32 64 64 64 64 64 64 64 64 64 64 64 64 64 32 32 32 32 32 32 64 64 32 32 32 64 64 2 2 2 2 2 2 2 2 2 2 2 2 2 2 2 2 2 2 2 2 1 2 2 2 2 4 4 4 4 4 4
