inputs/directions.asc
ncols         404
nrows         404
xllcorner     4681261
yllcorner     2523693
cellsize      1
NODATA_value  -9999
[rows 325 to 389 of 404, columns 0 to 95 of 404]
40 40 40 40 40 40 40 40 39 37 35 30 20 16 16 8 8 8 16 8 8 8 8 8 4 4 8 8 8 8 8 8 8 8 8 8 8 4 4 2 2 2 2 2 2 2 2 2 2 2 2 2 2 1 2 2 2 2 2 2 2 1 2 2 2 1 2 2 2 1 2 2 2 1 2 2 2 1 2 2 2 2 2 2 2 2 2 2 2 2 2 2 2 2 2 2
40 40 40 40 40 40 40 40 39 37 35 30 21 16 16 8 8 8 16 8 8 8 8 4 4 4 8 8 8 8 8 8 8 8 8 8 8 8 2 2 2 2 2 2 2 2 2 2 2 1 2 2 2 1 2 2 2 2 2 2 2 1 2 2 2 1 2 2 2 1 2 2 2 1 2 2 2 2 2 2 2 2 2 2 2 2 2 2 2 2 2 2 2 2 2 2
40 40 40 40 40 40 40 40 39 38 35 30 20 16 16 8 8 8 16 8 8 8 8 4 4 4 8 8 8 8 8 8 8 8 8 8 8 8 2 2 2 2 2 2 2 2 2 2 2 1 2 2 2 1 2 2 2 2 2 2 2 2 2 2 2 1 2 2 2 1 2 2 2 1 2 2 2 2 2 2 2 2 2 2 2 2 2 2 2 2 2 2 2 2 2 2
40 40 40 40 40 40 40 40 39 38 35 30 20 8 16 8 8 8 8 8 4 4 4 4 4 4 8 8 8 8 8 8 8 4 8 4 4 4 4 4 4 2 4 4 2 2 2 2 2 2 2 2 2 2 2 2 2 2 2 2 2 2 2 2 2 2 2 2 2 2 2 2 2 2 2 2 2 2 4 4 4 2 4 4 4 2 4 4 4 4 4 4 4 2 4 4
40 40 40 40 40 40 40 40 39 38 35 30 20 16 16 8 8 8 16 8 8 8 8 4 8 8 16 16 8 8 16 8 8 8 8 8 4 4 4 4 4 2 2 2 2 1 2 2 2 1 2 2 2 1 2 2 2 2 2 2 2 2 2 2 2 2 2 2 2 1 2 2 2 1 2 2 2 1 2 4 2 1 2 2 2 2 2 2 2 2 4 4 2 2 4 2
40 40 40 40 40 40 40 40 39 38 35 30 20 16 16 8 8 8 8 8 8 8 8 8 8 8 16 8 16 8 16 8 8 8 8 4 4 4 4 4 4 2 2 2 2 1 2 2 2 1 2 2 2 1 2 2 2 2 2 2 2 2 2 2 2 2 2 2 2 1 2 2 2 1 2 2 2 1 1 2 2 1 2 2 2 2 2 2 2 2 4 4 4 2 4 4
40 40 40 40 40 40 40 40 39 38 35 30 19 8 16 8 8 8 8 8 8 8 8 8 8 8 16 8 8 8 16 8 8 8 8 4 4 4 4 4 4 2 2 2 2 2 2 2 2 1 1 2 2 1 2 2 2 2 2 2 2 2 2 2 2 2 2 2 2 1 2 2 2 1 2 2 2 1 2 2 2 2 2 2 2 2 2 2 2 2 4 4 4 2 4 4
40 40 40 40 40 40 40 40 39 38 35 30 17 8 8 8 8 8 8 8 8 8 8 8 8 8 8 8 8 8 8 8 4 4 4 4 4 4 4 4 4 2 4 4 4 2 4 2 4 2 2 2 2 2 2 2 2 2 2 2 2 2 2 2 2 2 2 2 2 2 2 2 2 2 2 2 2 1 2 2 2 2 2 2 2 2 2 4 4 4 4 4 4 4 4 4
40 40 40 40 40 40 40 40 39 38 35 29 17 8 16 8 8 8 8 8 8 8 8 8 8 8 8 8 8 8 8 8 8 8 8 4 4 4 4 4 4 2 2 2 2 2 2 2 2 2 2 2 2 1 2 2 2 2 2 2 2 2 2 2 2 2 2 2 2 2 2 2 2 2 2 2 2 1 2 2 2 2 2 2 2 2 2 2 2 2 4 4 4 2 4 4
40 40 40 40 40 40 40 40 39 38 35 29 18 8 16 8 8 8 8 8 8 8 8 8 4 8 8 8 8 8 8 8 8 8 8 4 4 4 4 4 2 2 2 2 2 2 2 2 2 2 2 2 2 2 2 2 2 2 2 2 2 2 2 2 2 2 2 2 2 2 2 2 2 2 2 2 2 2 2 2 2 2 2 2 2 2 2 2 2 2 4 4 4 2 4 4
40 40 40 40 40 40 40 40 39 38 35 29 21 15 16 8 8 8 8 8 8 8 8 8 4 8 8 8 8 8 8 8 8 8 8 4 4 4 4 4 2 2 2 2 2 2 2 2 2 2 2 2 2 2 2 2 2 2 2 2 2 2 2 2 2 2 2 2 2 2 2 2 2 2 2 2 2 2 2 2 2 2 2 2 2 2 2 2 2 2 4 4 4 2 4 4
40 40 40 40 40 40 40 40 39 38 35 30 24 15 8 8 8 8 8 4 4 4 8 4 4 4 8 8 4 4 8 4 4 4 8 4 4 4 4 4 4 2 2 2 2 2 2 2 2 2 2 2 2 2 2 2 2 2 2 2 2 2 2 2 2 2 2 2 2 2 2 2 2 2 4 4 4 4 4 4 4 2 2 2 2 2 2 2 2 2 4 4 4 4 4 4
40 40 40 40 40 40 40 40 39 38 35 31 25 15 8 8 8 8 8 8 8 8 8 4 4 8 8 8 8 8 8 8 8 8 8 8 8 8 8 4 4 1 2 2 2 2 2 2 2 2 2 2 2 2 2 2 2 2 2 2 2 2 2 2 2 2 2 2 2 2 2 2 2 2 4 4 4 2 2 2 2 2 2 2 2 2 2 2 2 2 2 2 4 2 4 4
40 40 40 40 40 40 40 40 39 38 35 32 26 15 8 8 8 8 8 8 8 8 8 8 4 8 8 8 8 8 8 8 8 8 8 8 8 8 8 4 4 1 2 2 2 2 2 2 2 2 2 2 2 2 2 2 2 2 2 2 2 2 2 2 2 2 2 2 2 1 2 2 2 2 4 4 4 2 2 2 2 2 2 2 2 2 2 2 2 2 2 2 2 2 4 4
40 40 40 40 40 40 40 40 39 38 36 32 26 15 8 8 8 8 8 8 8 8 8 8 8 8 16 8 8 8 8 4 4 8 8 8 8 8 8 8 2 2 2 2 2 2 2 2 2 2 2 2 2 2 2 2 2 2 2 2 2 2 2 2 2 2 2 2 2 1 2 2 2 1 2 4 2 2 2 2 2 1 2 2 2 1 2 2 2 2 2 2 2 2 4 4
40 40 40 40 40 40 40 40 39 38 36 32 26 15 8 8 4 4 8 4 4 4 8 4 8 4 8 4 4 4 4 4 4 4 4 4 4 4 8 8 2 2 2 2 2 2 2 2 2 2 2 2 2 2 2 2 2 2 2 2 2 2 2 2 2 2 2 2 2 2 2 2 2 1 2 2 2 2 2 2 2 2 2 2 2 2 2 2 2 2 4 4 4 2 4 4
40 40 40 40 40 40 40 40 39 38 36 33 27 15 8 8 8 8 8 8 8 8 8 8 8 8 8 4 4 4 8 4 4 4 8 4 4 4 8 4 4 2 2 2 2 2 2 2 2 2 2 2 2 2 2 2 2 2 2 2 2 2 2 2 2 1 2 2 2 1 2 2 1 1 2 2 2 2 2 2 2 1 2 2 2 2 2 2 2 2 2 2 4 2 2 2
40 40 40 40 40 40 40 40 39 38 36 33 27 15 8 8 8 8 8 8 8 8 8 8 8 4 8 4 4 4 8 4 4 4 8 4 4 4 4 4 4 2 2 2 2 2 2 2 2 2 2 2 2 2 2 2 2 2 2 2 2 2 2 2 2 1 2 2 2 1 1 1 1 2 2 2 2 1 2 2 2 1 2 2 2 2 2 2 2 2 4 4 2 2 2 2
40 40 40 40 40 40 40 40 39 38 36 33 27 16 8 8 8 8 8 8 8 8 8 8 4 4 8 4 4 4 8 4 4 4 8 4 4 4 4 4 4 2 2 2 2 2 2 2 2 2 2 2 2 2 2 2 2 2 2 2 2 2 2 2 2 1 2 2 2 1 1 1 1 2 2 2 2 1 2 2 2 1 2 2 2 2 2 2 2 1 4 2 2 2 2 2
40 40 40 40 40 40 40 40 39 38 36 33 27 16 8 4 4 4 8 4 4 4 4 4 4 4 8 4 4 4 8 4 4 4 4 4 4 4 4 4 4 2 4 4 4 2 2 2 2 2 2 2 2 2 4 4 4 2 4 2 2 2 2 2 2 2 2 2 2 1 1 1 1 1 2 2 2 2 2 2 2 2 2 2 2 2 4 4 4 2 2 4 4 2 4 2
40 40 40 40 40 40 40 40 39 38 37 33 27 16 8 8 8 8 8 4 4 4 8 4 4 8 8 8 8 8 8 8 4 4 4 4 4 4 4 4 4 2 2 2 2 2 2 2 2 2 2 2 2 2 2 2 2 2 2 2 2 2 2 2 2 1 2 2 1 1 1 1 1 1 1 1 2 1 2 2 2 1 2 2 2 1 4 2 2 1 2 2 2 2 2 2
40 40 40 40 40 40 40 40 39 38 37 33 27 16 8 8 8 8 8 4 4 4 8 4 4 8 8 8 8 8 8 8 4 4 4 4 4 2 4 4 2 2 2 2 2 2 2 2 2 2 2 2 2 2 2 2 2 2 2 2 2 2 2 2 2 1 2 2 1 1 1 1 1 1 1 1 1 1 1 2 1 1 2 1 1 1 1 1 2 1 1 1 2 2 2 2
40 40 40 40 40 40 40 40 39 38 37 34 28 16 8 8 8 8 8 4 4 4 8 4 8 8 8 8 8 8 8 4 4 4 4 4 4 2 4 4 2 2 2 2 2 2 2 2 2 2 2 2 2 2 2 2 4 2 2 2 2 2 2 2 2 1 2 2 1 1 1 1 1 1 1 1 1 1 1 1 1 1 1 1 1 1 2 2 1 1 1 1 1 2 2 2
40 40 40 40 40 40 40 40 39 38 37 34 28 16 8 4 4 4 4 4 4 4 4 4 4 4 8 4 4 4 8 4 4 4 4 4 4 4 4 4 4 2 4 2 2 2 2 2 2 2 2 2 2 2 4 4 4 4 4 4 4 2 2 2 2 1 2 2 2 1 2 2 2 1 2 2 2 1 2 2 1 1 1 1 1 1 1 2 2 1 2 2 2 2 2 2
40 40 40 40 40 40 40 40 39 39 37 34 28 16 8 8 8 8 8 4 2 4 4 8 8 8 8 8 8 8 8 4 4 4 4 4 4 2 2 2 2 2 2 2 2 2 2 2 2 1 2 2 2 1 2 2 2 2 2 2 2 2 2 2 2 1 1 1 1 1 1 1 1 1 1 1 1 1 1 1 1 1 1 1 1 1 2 1 1 1 1 1 1 1 1 2
40 40 40 40 40 40 40 40 39 39 37 34 28 16 8 8 8 8 8 4 2 4 8 8 8 8 8 8 8 8 8 8 4 4 4 4 4 2 2 2 2 2 2 2 2 1 2 2 2 1 2 2 2 1 2 2 2 2 2 2 2 2 2 2 2 1 1 1 1 1 1 1 1 1 1 1 1 1 1 1 1 1 1 1 1 1 2 1 1 1 1 1 1 1 1 1
40 40 40 40 40 40 40 40 39 39 37 34 28 16 8 8 8 8 8 4 4 8 16 16 8 8 8 4 4 4 8 8 8 4 4 4 4 2 2 2 2 2 2 2 2 1 2 2 2 1 2 2 2 1 2 2 2 2 2 2 2 2 2 2 2 1 1 1 1 1 1 1 1 1 1 1 1 1 1 1 1 1 1 1 128 1 1 1 1 1 1 1 1 1 1 1
40 40 40 40 40 40 40 40 39 39 37 34 28 17 8 8 8 8 8 8 8 8 16 16 16 16 16 4 8 4 4 4 4 4 4 4 4 2 4 4 4 2 2 2 2 2 2 2 2 2 2 2 2 2 2 2 2 2 2 2 2 2 2 2 2 2 2 1 1 1 1 2 2 1 2 2 2 1 2 2 2 1 1 1 1 1 1 1 1 1 2 2 2 1 2 2
40 40 40 40 40 40 40 40 39 39 37 34 28 19 16 8 8 8 8 8 8 8 16 32 16 16 16 8 8 8 8 4 8 4 4 4 4 2 2 2 2 2 2 1 1 1 2 2 2 1 1 1 1 1 1 2 2 2 2 2 2 2 2 2 2 1 1 1 1 1 1 1 1 1 2 2 2 1 2 1 1 1 1 1 128 1 128 1 1 1 1 1 1 1 1 1
40 40 40 40 40 40 40 40 40 39 37 34 29 21 16 8 8 8 8 8 8 16 16 16 16 16 16 8 8 8 16 4 4 4 4 4 4 2 2 2 2 1 2 2 1 1 1 2 2 1 1 1 1 1 1 2 2 1 2 2 2 2 2 2 2 1 2 1 1 1 1 1 1 1 2 2 2 1 2 1 1 1 2 2 1 1 1 1 1 1 1 1 1 1 1 2
40 40 40 40 40 40 40 40 40 39 37 34 29 20 16 8 8 8 16 8 8 8 16 16 16 16 16 8 8 8 8 4 4 2 4 4 4 2 2 2 2 2 2 2 2 1 1 1 2 1 1 1 1 1 1 1 2 1 2 2 2 2 2 2 2 2 4 2 1 1 1 1 1 1 2 2 2 1 2 2 2 1 1 2 2 1 1 2 2 1 2 2 2 1 2 2
40 40 40 40 40 40 40 40 40 39 37 35 30 20 8 8 8 8 8 8 8 8 8 8 8 8 8 8 4 4 4 4 4 2 4 4 4 4 4 4 4 2 2 2 2 1 2 2 1 1 1 1 1 1 2 2 2 2 2 2 2 2 4 4 4 4 4 4 2 1 2 2 2 2 2 2 2 2 2 2 4 2 4 2 2 2 4 2 4 2 2 2 2 2 2 2
40 40 40 40 40 40 40 40 40 39 37 35 30 20 16 8 8 8 16 8 8 8 16 8 8 8 16 8 4 4 8 2 2 2 2 2 2 2 4 2 2 2 2 2 2 1 1 1 1 1 1 1 1 1 1 1 2 1 2 2 2 2 2 2 4 4 4 4 4 1 2 2 2 1 2 2 2 2 2 2 2 2 2 2 2 2 4 2 4 2 2 2 2 2 2 2
40 40 40 40 40 40 40 40 40 39 37 35 30 22 16 8 8 8 16 8 8 8 16 8 8 8 16 8 8 4 2 2 2 2 2 2 2 2 2 2 2 2 2 2 2 1 1 1 1 1 1 1 1 1 1 1 2 1 2 2 2 2 2 2 2 4 4 4 4 1 2 2 2 1 2 2 2 2 2 2 2 2 4 4 4 2 4 4 2 2 2 2 2 2 2 2
40 40 40 40 40 40 40 40 40 39 37 35 30 25 14 8 8 8 16 8 8 8 16 8 8 8 16 8 8 2 2 2 2 2 2 2 2 1 2 2 2 1 2 2 2 1 1 1 1 1 1 1 1 1 1 2 2 1 2 2 2 2 2 2 2 4 4 4 4 2 2 2 2 1 2 2 2 2 2 2 2 2 4 4 4 2 2 4 4 2 4 2 2 2 2 2
40 40 40 40 40 40 40 40 40 39 37 35 31 25 15 8 8 8 8 8 8 8 8 8 8 8 8 8 8 2 2 2 2 2 2 1 1 2 1 2 2 2 2 2 2 1 2 2 2 1 2 2 2 2 2 2 2 2 2 2 2 2 2 2 4 4 4 4 4 4 4 4 2 2 2 2 2 2 2 4 4 2 4 4 4 4 4 4 4 2 4 4 2 2 2 2
40 40 40 40 40 40 40 40 40 39 38 35 32 26 15 8 8 8 16 8 8 8 16 8 8 8 16 8 8 2 2 2 2 1 2 2 128 1 1 1 1 1 1 1 1 1 1 1 1 1 2 2 2 1 2 2 1 1 1 1 1 1 2 2 2 2 4 4 4 2 2 2 2 1 2 2 2 1 2 2 2 2 2 2 4 4 1 2 2 2 2 2 2 1 2 2
40 40 40 40 40 40 40 40 40 39 38 36 32 26 15 8 8 8 16 8 8 8 16 8 8 8 8 8 8 4 2 2 2 1 2 2 2 1 1 1 1 1 1 1 1 1 1 1 1 1 2 2 2 1 2 1 1 1 1 1 1 1 1 1 2 2 4 4 4 2 2 2 2 1 2 2 2 1 2 2 2 2 4 4 1 2 4 2 2 1 2 2 2 1 2 2
40 40 40 40 40 40 40 40 40 39 38 36 32 26 15 8 8 8 16 8 8 8 16 8 8 8 8 8 8 4 2 2 2 1 2 2 2 2 2 1 1 1 1 1 1 1 1 1 1 1 2 2 2 1 2 2 1 1 1 1 1 1 1 1 1 1 2 4 2 2 2 2 2 1 2 1 2 1 2 2 2 1 4 1 1 1 2 2 1 1 1 1 2 2 2 2
40 40 40 40 40 40 40 40 40 39 38 36 33 27 15 8 8 8 8 8 8 8 8 8 8 8 8 4 8 8 4 2 2 2 2 2 2 2 2 2 2 1 2 2 2 1 2 2 2 1 2 2 2 2 2 2 2 1 1 1 1 1 1 1 1 1 1 2 2 2 2 4 2 2 2 2 1 1 1 1 1 1 4 128 1 128 2 2 2 1 2 2 2 1 2 2
40 40 40 40 40 40 40 40 40 39 38 36 33 27 15 8 8 8 16 8 8 8 16 8 8 8 8 8 8 8 2 2 2 1 2 2 2 2 2 2 2 1 1 1 1 1 1 1 1 1 1 1 1 1 1 1 1 1 1 1 1 1 1 1 1 1 2 2 2 2 2 2 2 2 1 1 1 1 1 1 1 1 4 4 2 2 2 1 1 1 1 1 1 1 1 1
40 40 40 40 40 40 40 40 40 39 38 36 33 27 16 8 8 8 16 8 8 8 8 8 8 8 8 8 8 8 4 2 2 2 2 2 2 2 2 2 2 1 1 1 1 1 1 1 1 1 1 1 1 1 1 1 1 1 1 1 1 1 1 1 1 1 1 1 2 1 2 2 2 1 1 1 1 1 1 1 1 1 2 2 4 1 2 1 1 1 1 1 1 1 1 1
40 40 40 40 40 40 40 40 40 39 38 36 33 27 16 8 8 8 16 8 8 8 8 8 8 8 8 8 8 8 4 2 2 1 2 2 2 2 2 2 2 1 1 1 1 1 1 1 1 1 1 1 1 1 1 1 1 1 1 1 1 1 1 1 1 1 1 1 1 1 2 2 1 1 1 1 1 1 1 1 1 1 64 4 2 2 1 1 1 1 1 1 1 1 1 1
40 40 40 40 40 40 40 40 40 39 38 36 33 27 16 8 8 8 8 8 8 8 8 8 8 8 8 4 4 8 4 4 2 2 2 2 2 2 2 2 2 1 2 2 1 1 1 1 1 1 1 1 1 1 1 1 1 1 1 1 1 1 1 1 1 1 1 1 1 1 2 2 2 2 2 1 1 1 1 1 1 1 1 2 1 2 2 2 2 1 1 1 1 1 1 128
40 40 40 40 40 40 40 40 40 39 38 37 33 27 16 8 8 8 16 8 8 8 8 8 8 8 8 8 8 4 4 4 4 2 2 2 2 1 2 2 1 1 1 1 1 1 1 1 1 1 128 128 128 128 128 128 1 1 1 1 1 1 1 1 1 1 1 1 1 1 1 1 1 1 1 1 1 128 128 1 1 1 1 1 2 1 1 1 1 1 1 1 128 128 128 128
40 40 40 40 40 40 40 40 40 39 38 37 34 28 16 8 8 8 16 8 8 8 8 8 8 8 8 8 8 4 4 4 4 2 2 2 2 1 2 2 1 1 1 1 1 1 1 1 1 1 1 128 128 1 1 1 1 1 1 1 1 1 1 1 1 1 1 1 1 1 1 1 1 1 1 128 128 1 128 128 128 1 128 64 1 1 1 1 1 1 128 128 128 128 128 128
40 40 40 40 40 40 40 40 40 39 38 37 34 28 16 8 8 8 16 8 8 8 8 8 8 8 8 8 8 4 4 4 4 2 4 2 2 1 1 1 1 1 1 1 1 1 1 1 1 1 1 128 128 1 128 1 1 1 1 1 1 1 1 1 1 1 1 1 1 1 1 1 1 1 128 128 128 1 128 128 128 1 128 128 64 1 1 128 128 1 128 1 128 128 128 128
40 40 40 40 40 40 40 40 40 39 38 37 34 28 16 8 8 8 8 8 8 8 8 8 8 8 8 4 4 4 4 4 4 4 4 4 4 1 2 2 2 1 1 1 1 1 1 1 1 1 1 1 128 1 1 1 1 1 2 1 1 1 1 1 1 1 1 1 1 1 1 128 128 1 128 128 128 1 128 1 1 128 128 128 128 1 128 128 128 1 1 128 128 128 128 128
40 40 40 40 40 40 40 40 40 39 38 37 34 28 16 8 8 8 16 8 8 8 16 8 8 8 8 8 8 8 8 4 4 2 4 4 2 1 1 1 1 1 1 1 1 1 1 1 1 1 128 128 128 128 128 1 1 1 1 1 1 1 1 1 1 1 1 128 128 1 128 128 128 128 128 1 1 1 1 1 128 128 128 128 128 128 128 128 128 128 128 128 128 128 128 128
40 40 40 40 40 40 40 40 40 39 39 37 34 28 16 8 8 8 16 8 8 8 16 8 8 8 8 8 8 8 8 4 4 2 4 4 2 4 1 1 1 1 1 1 1 1 1 1 1 1 1 128 128 1 1 1 1 1 1 1 1 1 1 1 1 1 1 1 128 1 1 128 1 1 1 1 1 1 1 1 1 1 1 1 1 1 1 128 128 1 1 1 1 1 1 1
40 40 40 40 40 40 40 40 40 39 39 37 34 28 16 8 8 8 16 8 8 8 16 8 8 8 8 8 8 8 8 4 4 4 4 4 4 2 1 1 1 1 1 1 1 1 1 1 1 1 1 1 128 1 1 1 1 1 1 1 1 1 1 1 1 1 1 1 1 1 1 1 1 1 1 1 1 1 1 1 1 1 1 1 1 1 1 1 1 1 1 1 1 1 1 1
40 40 40 40 40 40 40 40 40 39 39 37 34 28 17 8 8 8 8 8 8 8 8 8 8 8 8 4 4 4 8 4 4 4 4 4 8 2 2 1 1 1 2 2 2 1 2 2 2 2 2 4 4 2 1 1 1 1 1 1 1 1 1 1 1 1 1 1 1 1 1 1 1 1 1 1 1 1 1 1 1 1 1 1 1 1 1 1 1 1 2 2 2 1 2 2
40 40 40 40 40 40 40 40 40 39 39 37 34 28 18 16 8 8 16 8 8 8 16 8 8 8 8 8 8 8 8 4 4 4 4 4 4 4 2 1 1 1 1 1 1 1 2 1 1 1 2 2 4 2 1 1 1 1 128 128 1 1 1 1 1 1 1 1 128 1 1 1 1 1 1 1 1 1 1 1 1 1 1 1 1 1 1 1 1 1 1 1 1 1 1 1
40 40 40 40 40 40 40 40 40 39 39 37 34 28 18 8 8 8 16 8 8 8 16 8 8 8 16 8 8 8 8 4 4 8 4 4 4 4 2 2 1 1 1 1 1 1 1 1 1 1 1 1 2 2 2 1 1 1 1 1 1 1 1 1 1 1 1 1 1 1 1 1 1 1 1 1 1 1 1 1 1 1 1 1 1 1 1 1 1 1 1 1 1 1 1 1
40 40 40 40 40 40 40 40 40 39 39 37 34 29 16 8 8 8 16 8 8 8 16 16 16 8 16 8 8 8 8 4 4 8 4 4 4 4 4 2 2 1 1 1 1 1 1 1 1 1 1 2 2 1 1 1 1 1 1 1 1 1 1 1 1 1 1 1 1 1 1 1 1 1 2 2 2 1 1 1 1 1 1 1 1 1 1 1 1 1 1 1 1 1 1 1
40 40 40 40 40 40 40 40 40 40 39 37 34 28 16 8 8 8 8 8 8 8 8 8 8 4 8 4 4 4 8 4 4 4 4 4 4 4 4 4 2 1 1 1 1 1 1 1 1 1 1 1 1 1 2 1 1 1 1 1 1 1 1 1 1 1 1 1 1 1 1 1 2 2 2 4 4 1 1 1 1 1 1 1 1 1 1 1 1 1 1 1 2 1 2 1
40 40 40 40 40 40 40 40 40 40 39 37 34 28 16 8 8 8 16 8 8 8 16 8 8 8 8 8 8 8 8 8 8 8 4 4 4 2 4 2 2 1 1 1 1 1 1 1 1 1 128 1 1 1 1 1 1 1 1 128 128 128 128 128 1 1 1 1 1 1 1 1 1 1 2 4 1 1 1 1 1 1 1 1 1 1 128 128 1 1 1 1 1 1 1 1
40 40 40 40 40 40 40 40 40 40 39 37 34 28 18 8 8 8 16 8 8 8 16 8 8 4 8 8 8 8 8 8 8 8 4 4 4 2 4 4 2 1 1 1 1 1 1 1 1 1 1 1 1 1 1 1 1 1 2 2 4 1 1 1 1 1 1 1 1 1 1 1 1 1 1 1 1 128 1 1 1 1 1 1 1 1 128 128 128 1 128 128 1 1 1 1
40 40 40 40 40 40 40 40 40 40 39 37 34 29 21 12 8 8 16 8 8 8 16 8 8 4 8 8 8 8 8 8 8 8 8 4 4 2 4 4 4 2 2 1 1 1 1 1 1 1 1 1 1 1 1 1 1 1 2 2 4 1 1 1 1 1 1 1 1 1 1 1 1 1 1 128 128 128 1 1 1 1 1 1 1 128 128 1 128 1 128 128 128 1 128 128
40 40 40 40 40 40 40 40 40 40 39 37 34 29 23 13 8 8 8 8 8 8 8 8 4 4 8 4 4 4 8 4 4 4 4 4 4 4 4 4 4 2 2 2 2 1 1 1 1 1 1 1 1 1 1 1 1 1 2 2 4 2 2 1 1 1 1 1 1 1 1 1 1 1 1 128 64 128 1 1 1 1 1 1 1 128 128 128 128 1 128 128 128 1 1 1
40 40 40 40 40 40 40 40 40 40 39 37 35 30 24 14 8 8 16 8 8 8 16 8 4 8 8 8 8 8 8 8 8 8 8 4 4 2 2 2 2 2 2 2 2 1 1 1 128 1 1 1 1 1 1 1 1 1 1 2 2 2 2 1 1 1 1 128 128 1 128 128 128 128 64 64 64 128 1 1 1 1 128 128 128 128 128 128 128 128 128 128 1 1 1 1
40 40 40 40 40 40 40 40 40 40 39 37 35 31 25 14 8 8 16 8 8 8 16 8 8 8 8 8 8 8 8 8 8 8 8 8 4 2 2 2 2 2 2 2 2 1 2 2 2 1 1 1 1 1 1 1 1 1 1 1 1 2 1 1 1 1 1 1 1 1 128 128 128 1 128 128 1 64 1 1 1 128 128 128 128 128 128 128 128 1 1 1 1 1 1 1
40 40 40 40 40 40 40 40 40 40 39 37 35 31 25 15 8 8 16 8 8 8 16 8 8 8 8 8 8 8 8 8 8 8 8 8 4 2 2 2 2 2 2 2 2 1 2 2 2 1 1 1 1 1 1 1 1 1 1 1 1 1 1 1 1 1 1 1 128 1 128 128 128 1 128 128 128 1 1 1 128 128 128 64 128 128 128 128 1 1 1 1 1 1 1 1
40 40 40 40 40 40 40 40 40 40 39 38 35 32 26 15 8 8 8 8 8 8 8 8 8 8 8 8 8 8 8 8 8 8 8 4 4 2 4 4 4 2 2 2 2 2 2 2 2 1 1 1 1 1 1 1 1 1 128 128 1 1 1 1 1 1 1 128 128 1 128 128 128 1 128 128 128 1 1 128 128 128 64 128 64 128 128 1 128 1 1 1 1 1 1 1
40 40 40 40 40 40 40 40 40 40 39 38 36 32 26 15 8 8 16 8 8 8 16 8 8 8 8 8 8 8 8 8 8 8 8 8 4 2 2 2 2 2 2 2 2 1 2 2 1 1 1 1 1 1 1 1 128 128 128 128 128 128 128 128 128 1 128 128 128 128 128 128 128 128 128 128 128 128 64 64 64 64 64 64 64 128 128 128 128 1 128 128 128 1 128 128
