inputs/directions.asc
ncols         404
nrows         404
xllcorner     4681261
yllcorner     2523693
cellsize      1
NODATA_value  -9999
[rows 0 to 64 of 404, columns 96 to 191 of 404]
52 48 44 40 37 34 31 29 26 22 16 16 16 16 16 16 16 16 16 16 16 16 16 16 16 16 16 16 16 16 16 16 16 17 22 32 32 32 32 32 32 32 32 31 31 30 29 28 26 25 24 23 22 21 21 20 20 19 22 37 64 64 64 64 64 64 64 64 64 64 64 64 64 64 64 64 64 64 64 64 64 64 64 62 52 32 32 32 32 32 32 32 32 32 32 32
51 47 43 39 36 33 30 28 26 22 19 16 16 16 16 16 16 16 16 16 16 16 16 16 16 16 16 16 16 16 16 16 16 16 20 25 32 32 32 32 32 32 32 31 31 30 29 27 26 24 23 22 21 21 20 20 19 19 20 31 46 64 64 64 64 64 64 64 64 64 64 64 64 64 64 64 64 64 64 64 64 64 64 64 56 45 32 32 32 32 32 32 32 32 32 32
50 45 41 38 34 31 29 27 25 24 21 19 16 16 16 16 16 16 16 16 16 16 16 16 16 16 16 16 16 16 16 16 16 16 16 20 25 32 32 32 32 32 32 31 31 30 28 27 25 24 23 22 21 21 20 20 19 19 19 20 32 47 64 64 64 64 64 64 64 64 64 64 64 64 64 64 64 64 64 64 64 64 64 64 64 56 45 32 32 32 32 32 32 32 32 32
48 44 40 36 33 30 28 26 24 23 22 20 18 16 16 16 16 16 16 16 16 16 16 16 16 16 16 16 16 16 16 16 16 16 16 16 20 25 32 32 32 32 32 31 31 29 28 26 24 23 22 21 21 21 20 19 19 19 19 20 22 34 48 64 64 64 64 64 64 64 64 64 64 64 64 64 64 64 64 64 64 64 64 64 64 64 56 45 32 32 32 32 32 32 32 32
47 42 38 35 32 29 27 25 24 23 22 22 20 19 16 16 16 16 16 16 16 16 16 16 16 16 16 16 16 16 16 16 16 16 16 16 16 20 25 32 32 32 32 31 30 29 27 25 24 22 22 21 21 20 20 19 19 19 19 21 22 24 35 48 64 64 64 64 64 64 64 64 64 64 64 64 64 64 64 64 64 64 64 64 64 64 64 56 45 32 32 32 32 32 32 32
45 41 37 33 31 29 27 25 23 22 21 22 22 21 19 16 16 16 16 16 16 16 16 16 16 16 16 16 16 16 16 16 16 16 16 16 16 16 20 25 32 32 32 31 30 29 27 25 23 22 21 21 21 20 20 19 18 18 19 21 23 25 26 37 49 64 64 64 64 64 64 64 64 64 64 64 64 64 64 64 64 64 64 64 64 64 64 63 55 44 32 32 32 32 32 32
44 39 35 32 30 28 26 24 22 21 21 21 22 23 21 19 16 16 16 16 16 16 16 16 16 16 16 16 16 16 16 16 16 16 16 16 16 16 16 20 25 32 32 31 30 28 26 24 22 21 21 21 21 20 19 18 18 18 19 22 24 26 27 28 37 50 64 64 64 64 64 64 64 64 64 64 64 64 64 64 64 64 64 64 64 64 64 64 62 53 43 32 32 32 32 32
42 37 33 31 29 27 25 23 22 20 20 22 23 24 23 20 17 16 16 16 16 16 16 16 16 16 16 16 16 16 16 16 16 16 16 16 16 16 16 16 20 26 32 31 30 28 25 23 21 21 21 21 21 20 19 18 17 18 19 22 25 27 27 28 29 38 50 64 64 64 64 64 64 64 64 64 64 64 64 64 64 64 64 64 64 64 64 64 62 59 50 42 32 32 32 32
39 35 31 29 28 27 25 23 21 20 20 22 24 24 23 21 17 16 16 16 16 16 16 16 16 16 16 16 16 16 16 16 16 16 16 16 16 16 16 16 16 21 26 32 30 28 24 21 20 21 21 21 21 20 19 17 16 17 20 24 27 28 27 28 29 31 39 50 64 64 64 64 64 64 64 64 64 64 64 64 64 64 64 64 64 64 64 64 64 56 54 49 48 32 32 32
37 32 30 29 28 27 25 22 19 19 20 22 25 25 23 20 16 14 14 16 16 16 16 16 16 16 16 16 16 16 16 16 16 16 16 16 16 16 16 16 16 17 22 27 32 27 23 18 20 21 21 21 21 21 17 16 16 16 20 25 30 28 27 27 31 32 32 38 47 64 64 64 64 64 64 64 64 64 64 64 64 64 64 64 64 64 64 64 64 64 32 64 64 64 32 64
34 31 28 28 28 27 24 20 18 18 20 24 27 27 23 18 14 12 12 14 16 16 16 16 16 16 16 16 16 16 16 16 16 16 16 16 16 16 16 16 16 16 20 23 28 32 16 16 16 32 16 16 32 16 16 16 16 16 16 32 32 32 16 32 32 32 32 32 32 32 32 64 64 64 32 64 64 64 64 64 64 64 32 64 64 64 32 64 64 32 32 32 32 32 32 32
33 28 27 27 31 28 23 18 16 16 20 25 30 28 23 16 12 11 11 12 12 16 16 16 16 16 16 16 16 16 16 16 16 16 16 16 16 16 16 16 16 16 16 32 16 32 16 16 16 32 16 16 16 32 16 16 16 16 16 16 32 32 16 32 32 32 32 32 32 32 32 64 64 64 32 64 64 64 64 64 64 64 32 64 64 64 64 64 64 32 32 32 32 32 32 32
32 32 16 32 32 32 16 16 16 16 16 32 32 32 16 16 8 8 16 8 8 8 16 8 8 8 16 16 16 16 16 16 16 16 16 16 16 16 16 8 8 8 16 16 16 16 16 16 16 32 16 16 16 32 16 16 16 16 16 16 16 32 16 32 32 32 32 32 32 32 32 64 64 64 32 64 64 64 32 64 64 64 32 32 32 64 64 64 64 32 32 32 32 32 32 32
64 64 32 32 32 32 32 32 16 16 16 32 32 32 16 16 16 16 16 16 16 16 16 16 16 16 16 16 16 16 16 16 16 16 16 16 16 16 16 16 16 16 16 16 16 16 16 16 16 16 16 16 16 8 16 16 16 16 16 32 32 32 32 32 32 32 32 64 64 64 32 64 64 64 64 64 64 64 64 64 64 64 32 32 64 64 64 64 64 64 32 64 64 32 32 32
32 32 32 32 32 32 16 32 16 16 16 16 16 16 16 32 16 16 16 16 16 16 16 16 16 16 16 16 16 16 16 16 16 16 16 16 16 16 16 16 16 16 16 16 16 16 16 16 16 16 16 16 16 8 16 16 16 16 16 16 16 32 16 32 32 32 32 32 32 32 32 32 64 64 32 64 64 64 64 64 64 64 64 64 64 64 32 32 64 32 32 32 32 32 32 32
32 32 32 32 32 32 16 32 16 16 16 16 16 16 16 32 32 16 32 32 32 32 16 32 32 32 16 32 32 32 16 16 16 16 16 16 16 16 16 16 16 16 16 16 16 16 16 16 16 16 16 8 8 8 8 16 16 16 16 16 16 32 16 32 32 32 32 32 32 32 32 32 64 64 32 64 64 64 64 64 64 64 64 64 64 64 32 64 32 32 32 32 64 64 32 32
32 32 32 32 32 32 16 32 16 16 16 16 16 16 16 16 32 32 16 32 32 32 16 32 32 32 16 32 32 32 16 16 16 16 16 16 16 16 16 16 16 16 16 16 16 16 16 16 16 8 16 8 8 8 8 8 16 16 16 16 16 32 16 32 32 32 32 32 32 32 32 32 32 64 64 64 64 64 64 64 64 64 64 64 64 64 32 32 32 32 32 64 64 64 32 64
64 64 32 64 32 32 32 16 16 32 16 16 16 16 16 16 32 32 32 32 32 32 32 32 32 32 32 32 32 8 16 16 16 16 16 16 16 16 16 16 16 16 16 16 16 16 16 16 16 16 16 16 16 16 16 16 16 16 16 32 32 32 32 32 32 32 32 32 32 64 32 32 64 64 64 64 64 64 64 64 64 64 64 64 64 64 64 64 64 64 64 64 64 64 64 64
32 32 32 32 32 32 32 64 32 32 16 32 16 16 16 16 16 32 16 32 64 32 32 32 32 32 32 32 16 16 16 16 16 16 16 16 16 16 16 16 16 16 16 16 16 16 16 16 16 16 16 16 16 16 16 16 16 16 16 32 32 32 16 32 32 32 16 32 32 32 32 32 32 32 32 64 64 64 32 64 64 64 64 64 64 64 32 64 64 64 32 64 64 64 32 64
32 32 32 32 32 32 16 32 32 32 16 32 32 16 16 16 16 16 16 32 32 64 32 32 32 32 32 64 16 32 32 32 32 16 16 16 16 16 16 16 16 16 16 16 16 16 16 16 16 16 16 16 16 16 16 16 32 32 16 32 32 32 16 32 32 32 16 32 32 32 32 32 32 32 32 64 64 32 32 64 64 64 64 64 64 64 32 64 64 64 32 64 64 64 32 64
64 32 32 32 32 16 16 32 32 32 32 32 16 32 16 32 32 16 16 32 32 32 32 32 32 32 32 64 64 32 32 32 32 32 16 16 16 16 16 16 16 16 16 16 16 16 16 16 16 16 16 32 32 16 16 32 32 32 16 32 32 32 16 32 32 32 16 32 32 32 32 32 32 32 32 64 64 32 32 64 64 64 64 64 64 64 32 64 64 64 32 64 64 64 32 64
64 32 32 64 64 16 16 32 32 32 32 32 32 32 32 32 32 32 32 32 64 64 64 64 64 64 64 64 64 32 32 32 32 32 32 32 32 32 16 32 32 32 16 32 32 32 16 16 16 32 16 64 64 32 32 32 32 32 32 32 32 32 32 32 32 32 32 32 64 32 32 64 32 64 32 64 64 64 32 64 64 64 64 64 64 64 64 64 64 64 64 64 64 64 64 64
64 64 64 64 64 32 16 32 32 32 16 32 32 32 16 32 32 32 16 32 32 64 32 64 64 64 32 32 32 32 32 32 16 32 16 16 16 16 16 16 16 16 16 16 32 32 16 16 16 16 16 32 32 32 16 32 32 32 16 32 32 32 16 32 32 32 16 32 32 64 32 32 32 64 64 32 32 32 32 32 64 64 32 64 64 64 32 64 64 64 32 64 64 64 32 64
64 64 64 64 64 32 16 32 32 32 16 32 32 32 16 32 32 16 16 32 32 32 64 64 64 64 32 32 32 32 32 32 32 32 16 16 16 16 16 16 16 16 16 32 32 32 16 32 32 32 16 32 32 32 16 32 32 32 16 32 32 32 16 32 32 32 16 32 32 64 32 32 32 64 32 32 32 32 32 32 32 64 32 64 64 64 32 64 64 64 32 64 64 64 32 64
32 64 64 64 32 64 32 32 32 32 16 32 32 32 16 32 32 32 16 32 32 32 64 64 64 64 32 32 32 32 32 32 32 32 16 16 16 16 16 16 16 32 16 32 32 32 16 32 32 32 16 32 32 32 16 32 32 32 16 32 32 32 16 32 32 32 16 32 32 32 32 32 32 64 32 32 32 32 32 32 32 64 32 64 64 64 32 64 64 64 32 64 64 64 32 64
64 64 64 64 64 64 32 32 32 32 32 32 32 32 32 32 32 32 16 32 32 32 64 64 64 64 32 64 64 64 32 32 32 32 16 16 32 32 16 32 32 32 32 32 32 32 32 32 32 32 32 32 32 32 32 32 32 32 32 32 32 32 32 32 32 32 32 32 64 64 32 64 64 64 32 64 64 64 32 64 64 64 64 64 64 64 64 64 64 64 64 64 64 64 64 64
32 32 32 64 32 32 32 32 32 32 16 32 32 32 16 32 32 16 16 16 16 32 32 32 64 32 32 32 32 32 32 32 32 32 16 16 16 32 16 32 32 32 16 32 32 32 16 32 32 32 16 16 16 32 16 32 32 32 16 32 32 32 16 32 32 32 16 32 32 32 32 32 32 32 32 32 32 32 32 32 32 32 32 64 64 64 32 64 64 64 32 64 64 64 32 64
32 32 32 64 32 32 16 32 32 32 16 32 32 32 16 32 16 16 16 16 16 16 16 32 32 64 32 32 32 32 32 32 32 32 16 32 32 32 16 32 32 32 16 32 32 32 16 32 32 32 16 16 16 16 16 16 32 32 16 32 32 32 16 32 32 32 16 32 32 32 32 32 32 32 32 32 32 32 32 32 32 32 32 64 64 64 32 64 64 64 32 64 64 64 32 64
32 32 32 64 32 32 16 32 32 32 16 32 32 32 16 16 16 16 16 16 16 16 16 32 32 64 32 32 32 32 32 32 32 32 16 32 32 32 16 32 32 32 32 32 32 32 16 32 32 16 16 16 16 16 16 16 16 16 16 32 32 32 16 32 32 32 16 32 32 32 32 32 32 32 32 32 32 32 32 32 32 32 32 64 64 64 32 64 64 64 32 64 64 64 32 64
64 64 64 64 64 32 16 32 32 32 16 32 32 32 32 32 32 32 16 32 32 32 32 32 64 64 32 64 64 64 32 64 64 64 32 32 32 32 32 32 32 32 32 32 32 32 32 32 32 32 16 16 32 32 16 32 32 32 16 32 32 32 32 32 32 32 32 32 32 32 32 32 32 32 32 32 64 64 32 64 64 32 32 64 64 64 64 64 64 64 64 64 64 64 64 64
64 64 32 64 64 64 16 16 16 16 16 16 16 16 16 16 16 16 16 16 32 32 32 32 32 32 32 32 32 32 32 32 32 32 32 32 32 32 16 32 32 32 32 32 32 32 16 16 16 16 16 16 16 16 16 16 16 16 16 16 16 16 16 16 16 16 16 16 32 32 16 32 32 32 16 32 32 32 32 32 32 32 32 32 32 32 32 32 32 32 32 32 32 64 32 32
32 64 64 64 64 64 32 16 16 16 16 16 16 16 16 16 16 16 16 32 16 32 16 32 32 32 32 32 32 32 32 32 32 32 16 32 32 32 16 32 32 32 16 32 32 16 16 16 16 16 16 16 16 16 16 16 16 16 16 16 16 16 16 16 16 16 16 16 16 32 16 32 32 32 16 32 32 32 32 32 32 32 32 32 32 32 32 32 32 32 32 32 32 32 32 32
32 64 64 64 64 64 32 16 16 16 16 16 16 16 16 16 16 16 16 16 32 32 32 32 32 32 32 32 32 32 32 32 32 32 16 32 32 32 16 32 32 32 16 16 16 16 16 16 16 16 16 16 16 16 16 16 16 16 16 16 16 16 16 16 16 16 16 16 16 32 16 32 32 32 16 32 32 32 32 32 32 32 32 32 32 32 32 32 32 32 32 32 32 32 32 32
64 64 64 64 64 64 32 32 32 32 16 16 16 16 16 16 16 32 16 32 32 32 32 32 32 32 32 32 32 32 32 32 32 32 32 32 32 32 32 32 32 32 32 32 16 16 16 16 16 16 16 32 32 32 16 32 32 32 16 32 32 32 16 32 32 32 16 32 32 32 16 32 32 32 32 32 32 32 32 32 32 64 32 64 64 64 32 64 64 64 32 64 64 64 32 64
32 32 32 64 64 32 32 32 32 32 16 16 16 16 16 16 16 16 16 16 16 16 16 16 32 32 32 32 32 32 16 32 32 32 16 16 16 16 16 32 32 32 16 32 16 16 16 16 16 16 16 16 16 16 16 16 16 16 16 16 16 16 16 16 16 16 16 16 16 16 16 32 32 32 16 32 32 32 16 32 32 32 32 32 32 32 32 32 32 32 32 32 32 32 32 32
32 32 32 64 64 32 32 32 32 32 16 16 16 16 16 16 16 16 16 16 16 16 16 16 32 32 32 32 32 32 16 32 32 16 16 16 16 16 16 32 32 32 16 16 16 16 16 16 16 16 16 16 16 16 16 16 16 16 16 16 16 16 16 16 16 16 16 16 16 16 16 16 16 32 16 32 32 32 16 32 32 32 32 32 32 32 32 32 32 32 32 32 32 32 32 32
32 32 32 64 64 32 32 32 32 32 16 16 16 16 16 16 16 16 16 16 16 16 16 16 16 32 16 32 32 32 16 16 16 16 16 16 16 16 16 16 16 16 16 16 16 16 16 16 16 16 16 16 16 16 16 16 16 16 16 16 16 16 16 16 16 16 16 16 16 16 16 16 16 16 16 32 32 32 16 32 32 32 16 32 32 32 32 32 32 32 32 32 32 32 32 32
64 64 32 64 64 64 64 32 32 64 32 32 32 32 16 32 32 16 16 16 32 16 16 16 16 32 16 32 32 32 16 32 32 16 16 16 16 16 16 16 16 16 16 16 16 16 16 16 16 16 16 16 16 16 16 32 32 32 16 32 32 32 32 32 32 32 16 32 32 32 16 32 32 32 16 32 32 32 32 32 32 32 32 64 64 64 32 64 64 64 32 64 64 64 32 64
32 64 32 64 64 64 32 64 64 32 16 32 16 16 16 32 32 16 16 16 16 16 16 16 16 16 16 16 16 16 16 16 16 16 16 16 16 16 16 16 16 16 16 16 16 16 16 16 16 16 16 16 16 16 16 16 16 16 16 16 32 32 16 16 16 16 16 16 16 16 16 16 16 16 16 16 16 16 16 16 16 16 16 32 32 64 32 32 32 32 32 32 32 32 32 32
64 32 32 64 64 64 32 32 32 64 32 32 32 16 16 16 16 16 16 16 16 16 16 16 16 16 16 16 16 16 16 16 16 16 16 16 16 16 16 16 32 32 32 16 16 16 16 16 16 16 16 16 16 16 16 16 16 16 16 16 32 32 32 16 16 16 16 16 16 16 16 16 16 16 16 16 16 16 16 16 16 16 16 16 32 32 32 32 32 32 32 32 32 32 32 32
64 64 32 64 64 64 32 32 32 32 32 32 32 32 16 16 16 16 16 16 16 16 16 16 16 16 16 16 16 16 16 16 16 16 16 8 8 8 16 16 32 32 32 32 16 16 16 16 16 16 16 16 16 16 16 16 16 16 16 16 16 32 8 8 8 16 16 16 16 16 16 16 16 16 16 16 16 16 16 16 16 16 16 16 8 8 16 32 32 32 32 32 32 32 32 32
64 64 64 64 64 64 32 32 64 64 32 32 32 32 32 16 16 16 16 16 16 16 16 16 16 16 16 32 32 32 16 16 16 16 16 16 16 16 16 16 16 32 32 32 32 32 16 16 16 16 16 16 16 16 16 16 16 16 16 16 16 8 16 16 16 16 16 16 16 16 16 16 16 16 16 16 16 16 16 16 32 16 16 16 16 16 16 32 32 32 32 32 32 64 32 64
64 64 64 64 64 64 32 32 32 32 16 32 16 32 16 32 16 16 16 16 16 16 16 16 16 16 16 8 8 8 16 16 16 16 16 16 16 16 16 16 16 16 16 32 32 32 16 16 16 16 16 16 16 16 16 16 16 16 16 16 16 16 16 16 16 16 16 16 16 16 16 16 16 16 16 16 16 16 16 16 16 16 16 16 16 16 16 16 32 32 16 32 32 32 32 32
64 64 64 64 64 64 32 32 32 32 32 16 32 16 16 16 16 16 16 16 16 16 16 16 16 16 16 16 8 8 16 16 16 16 16 16 16 16 16 32 16 32 16 32 32 32 16 16 16 16 16 16 16 16 16 16 16 16 16 16 16 16 16 16 16 16 16 16 16 16 16 16 16 16 16 16 16 16 16 16 16 16 16 16 16 16 16 16 16 32 16 32 32 32 32 32
64 64 64 64 64 64 32 32 32 32 32 32 16 16 16 16 16 16 16 16 16 16 16 16 16 16 16 8 8 8 16 8 8 16 16 16 16 16 16 32 16 32 16 32 32 32 16 16 16 16 16 16 16 16 16 16 16 16 16 16 16 16 16 32 16 16 16 16 16 16 16 16 16 16 16 16 16 16 16 16 16 16 16 16 16 16 16 16 16 16 16 32 32 32 32 32
64 64 64 64 64 64 64 32 32 32 32 32 32 16 16 16 16 16 16 16 16 16 16 32 16 16 16 16 16 16 16 16 16 16 16 16 32 32 16 16 32 32 32 32 32 32 16 32 32 16 16 16 16 16 16 16 16 16 16 32 32 32 32 16 16 16 16 16 16 16 16 16 16 16 16 16 16 16 16 16 16 32 16 32 32 32 16 32 32 32 32 32 32 32 32 64
64 64 64 64 64 64 64 32 32 32 32 32 16 16 16 16 16 16 16 16 16 16 16 8 8 16 16 16 16 16 16 16 16 16 16 16 16 16 16 16 32 32 32 32 32 32 16 16 16 16 16 16 16 16 16 16 16 16 16 32 32 32 16 16 16 16 16 16 16 16 16 16 16 16 16 16 16 16 16 16 16 16 16 32 16 16 16 16 16 16 16 32 32 32 32 32
64 64 64 64 64 64 64 32 32 32 32 16 16 16 16 16 16 16 16 16 16 16 16 16 8 8 16 16 16 16 16 16 16 16 16 16 16 16 16 16 32 16 16 32 32 32 16 16 16 16 16 16 16 16 16 16 16 16 16 32 32 32 32 16 16 16 16 16 16 16 16 16 16 16 16 16 16 16 16 16 16 16 16 32 16 16 16 16 16 16 16 32 32 32 32 32
64 64 64 64 64 64 64 32 32 32 16 16 32 16 16 16 16 16 16 16 16 16 16 8 8 4 16 16 16 16 16 16 16 16 16 16 16 16 16 16 16 32 16 32 32 32 16 16 16 16 16 16 16 16 16 16 16 16 16 8 8 32 32 32 16 16 16 16 16 16 16 16 16 16 16 16 16 16 16 16 16 16 16 16 16 16 16 16 16 32 16 32 32 32 16 32
64 64 64 64 64 64 64 64 64 64 64 32 32 32 16 32 32 16 16 16 16 16 16 16 16 8 16 16 16 16 16 32 32 16 16 16 32 32 16 32 32 32 32 64 64 64 32 16 16 16 16 16 16 16 16 16 16 16 16 16 16 16 16 32 32 32 16 32 16 16 16 16 16 16 16 16 16 16 16 32 32 32 16 32 32 32 16 32 32 32 32 32 32 32 32 32
64 64 64 64 64 64 64 64 64 64 64 32 32 16 16 16 16 16 16 16 16 16 16 16 16 16 16 16 16 16 16 32 16 16 16 16 16 16 16 32 32 32 32 64 64 32 32 32 16 16 16 16 16 16 16 16 16 16 16 16 16 16 16 32 16 16 16 16 16 16 16 16 16 16 16 16 16 16 16 16 16 16 16 16 16 16 16 16 32 32 16 32 32 32 16 32
64 64 64 64 64 64 64 64 64 64 64 32 32 32 16 16 16 16 16 16 16 16 16 16 16 16 16 16 16 16 16 32 32 16 16 16 16 16 16 32 32 32 32 64 64 64 64 32 32 32 16 16 16 16 16 16 16 16 16 16 16 16 16 16 16 16 16 16 16 16 16 16 16 16 16 16 16 16 16 16 16 16 16 16 16 16 16 16 32 32 16 32 32 32 16 32
64 64 64 64 64 64 64 64 64 64 64 32 32 32 16 16 16 16 16 16 16 16 16 16 16 16 16 16 16 16 16 32 32 32 16 16 16 16 16 32 32 32 32 32 64 64 64 32 32 32 16 16 16 16 16 16 16 16 16 16 16 16 16 16 16 16 16 16 16 16 16 16 16 16 16 16 16 16 16 16 16 16 16 16 16 16 16 32 32 32 16 32 32 32 16 32
64 64 64 64 64 64 64 64 64 64 64 64 64 32 32 32 32 32 16 32 32 32 16 16 16 16 16 16 16 16 16 32 32 32 32 32 32 32 32 32 32 64 32 64 64 64 64 64 64 32 32 32 32 32 16 16 16 16 16 16 16 16 16 16 32 32 16 32 32 32 32 16 16 16 16 32 32 32 16 32 32 32 16 32 32 32 16 32 32 32 32 32 32 32 32 32
64 64 64 64 64 64 64 64 64 64 64 64 32 32 32 32 32 32 16 32 16 16 16 16 16 16 16 16 16 16 16 32 32 32 16 16 16 16 16 32 32 32 16 32 32 32 32 32 32 32 32 32 32 32 16 16 16 16 16 16 16 16 16 16 16 16 16 16 16 32 16 16 16 16 16 16 16 16 16 16 16 16 16 16 16 16 16 32 32 32 16 32 32 32 16 32
64 64 64 64 64 64 64 64 64 64 64 64 64 32 32 32 32 32 16 32 32 16 16 16 16 16 16 16 32 32 16 32 16 16 16 16 16 16 16 16 16 16 16 32 32 32 32 32 32 32 32 32 32 32 32 32 32 16 16 16 16 16 16 16 16 16 16 16 16 32 16 32 32 32 16 16 16 16 16 16 16 16 16 16 16 16 16 32 32 32 16 32 32 32 32 16
64 64 64 64 64 64 64 64 64 64 64 64 64 32 32 32 32 32 32 32 32 32 16 16 16 16 16 16 32 16 16 16 16 16 16 16 16 16 16 16 16 16 16 32 32 32 32 32 32 32 32 32 32 32 32 32 32 32 16 16 16 16 16 16 16 16 16 32 32 32 16 32 32 32 16 16 16 16 16 16 16 16 16 16 16 16 16 32 32 32 16 32 32 32 32 32
64 64 64 64 64 64 64 64 64 64 64 64 64 64 32 32 32 32 32 32 32 32 32 32 32 32 16 32 32 32 16 32 32 32 16 32 32 32 16 16 32 64 32 32 32 32 32 32 32 32 32 32 32 32 32 32 32 32 32 32 32 32 16 32 32 32 32 32 32 32 32 32 32 32 32 32 32 32 16 32 32 32 16 32 32 32 16 32 32 32 32 32 32 32 32 64
64 64 32 32 64 64 64 64 64 64 64 64 64 64 32 32 32 32 32 32 32 32 16 32 32 32 16 32 16 16 16 16 16 16 16 16 16 16 16 32 32 32 16 32 32 32 16 32 32 32 32 32 32 32 32 32 32 32 32 32 32 32 16 32 32 32 16 32 32 32 16 32 32 32 16 16 16 16 16 16 16 16 16 16 16 16 16 32 32 32 16 16 32 32 32 2
64 64 32 64 64 32 32 64 64 64 64 64 64 64 32 32 32 32 32 32 32 32 32 32 32 32 16 32 16 16 16 16 16 16 16 16 32 32 16 32 32 32 16 32 32 32 16 32 32 32 32 32 32 32 32 32 32 32 32 32 32 32 16 32 32 32 16 32 32 32 16 32 32 32 16 16 16 16 16 16 16 16 16 16 16 16 16 32 32 32 16 16 32 4 2 2
64 64 32 64 32 64 32 64 64 64 32 64 64 64 32 32 32 32 16 32 32 32 32 32 32 32 16 16 16 16 16 16 16 16 16 16 32 32 16 32 32 32 16 32 32 32 16 32 32 32 32 32 32 32 32 32 32 32 32 32 32 32 16 32 32 32 16 32 32 32 16 32 32 32 16 16 16 16 16 16 16 16 16 16 16 16 16 32 32 32 16 32 32 8 2 2
64 64 64 64 64 64 32 64 64 64 64 64 64 64 32 32 32 32 32 32 32 32 32 32 32 32 16 32 32 32 16 32 32 32 16 32 32 32 16 32 32 32 16 32 32 32 32 32 32 32 32 64 64 64 32 32 32 32 32 32 32 32 32 32 32 32 32 32 32 32 32 32 32 32 16 32 32 32 16 32 32 32 16 32 32 32 16 32 32 32 32 32 8 16 1 1
64 64 32 32 32 32 32 64 64 64 64 64 64 64 32 32 32 16 32 32 32 32 16 16 16 16 16 16 16 16 16 16 16 16 16 16 16 16 16 16 16 16 16 32 32 32 16 32 32 32 32 32 32 32 32 32 32 32 32 32 32 32 16 32 32 32 16 32 32 32 16 32 32 32 16 32 32 16 16 16 16 16 16 16 16 16 16 32 32 32 16 32 16 2 1 1
64 64 64 32 32 32 32 64 64 64 64 64 64 64 32 32 32 32 16 16 32 32 16 16 16 16 16 16 16 16 16 16 16 16 16 16 16 16 16 16 16 16 16 16 16 32 16 32 32 32 32 32 32 32 32 32 32 32 16 32 32 32 16 32 32 32 16 32 32 32 16 32 32 32 16 32 32 32 16 32 32 32 16 16 16 16 16 16 16 32 32 64 32 2 1 1
64 64 64 32 32 64 32 64 64 64 64 64 64 64 32 32 32 32 16 32 16 16 16 16 16 16 16 16 16 16 16 16 16 16 16 16 8 8 16 16 16 16 16 16 16 16 16 32 32 32 32 32 32 32 16 32 32 32 16 32 32 32 16 32 32 32 16 32 32 32 16 32 32 32 16 32 32 32 16 32 32 32 16 32 16 16 16 16 16 16 32 64 64 2 2 2
