inputs/slope.asc
ncols         404
nrows         404
xllcorner     4681261
yllcorner     2523693
cellsize      1
NODATA_value  -9999
[rows 252 to 314 of 404, columns 0 to 95 of 404]
26 26 26 26 26 26 26 25 23 18 14 15 16 17 18 19 20 21 22 24 25 26 26 27 28 29 30 30 30 30 30 30 29 29 29 29 31 32 34 36 38 39 39 39 39 40 39 39 38 37 36 35 34 33 32 31 30 29 27 25 24 22 21 21 20 20 19 18 16 15 14 15 17 19 20 22 24 25 27 28 30 31 32 33 33 32 31 29 28 28 28 28 28 28 29 30
26 26 26 26 26 26 26 25 23 18 14 15 16 16 17 18 19 20 21 23 24 25 26 27 28 29 29 30 30 30 30 29 29 28 27 27 28 29 31 34 36 37 38 38 39 39 39 39 38 38 36 35 34 33 32 31 31 30 28 26 24 23 22 21 21 20 20 19 18 17 17 18 19 21 22 24 25 27 28 30 31 32 33 33 33 31 30 29 28 27 27 27 28 28 29 30
26 26 26 26 26 26 26 25 23 18 14 15 15 16 17 17 18 19 20 22 23 24 25 26 28 28 29 30 30 31 30 30 29 27 26 25 25 26 28 30 33 35 36 37 37 38 39 39 38 38 37 35 34 33 32 32 31 30 29 27 25 24 22 22 21 21 21 20 19 19 19 21 22 23 24 26 27 29 30 31 32 33 33 33 32 31 29 28 27 27 27 27 27 28 29 30
26 26 26 26 26 26 26 25 22 18 15 15 15 16 16 17 17 18 19 21 22 24 25 26 27 28 29 30 31 31 31 30 29 27 25 24 23 23 25 27 30 33 34 35 36 37 38 38 38 37 36 35 34 33 32 32 31 31 30 28 27 25 24 23 22 22 22 21 21 21 22 23 25 26 27 28 29 30 31 32 33 33 33 33 32 30 29 27 26 26 26 27 27 28 29 30
26 26 26 26 26 26 25 25 22 18 15 15 15 16 16 16 17 18 19 20 21 23 24 25 27 28 29 30 30 31 31 30 29 28 25 23 22 21 22 25 28 30 32 33 34 36 37 37 37 37 36 35 34 33 32 32 31 31 30 29 28 26 25 24 24 24 24 23 23 24 25 26 27 28 28 29 30 31 32 32 33 33 33 32 31 30 28 27 26 26 26 26 27 28 29 31
26 26 26 26 26 26 25 24 22 18 16 16 16 16 16 16 16 17 18 19 20 22 23 24 25 26 28 29 29 30 30 30 29 28 26 24 22 21 22 24 26 28 30 31 33 34 36 36 36 36 36 35 34 33 32 31 31 30 30 29 28 27 26 26 26 26 26 25 25 26 27 28 28 29 29 29 30 31 32 32 33 33 32 32 30 29 28 27 26 26 26 27 27 28 30 31
26 26 26 26 26 26 25 24 22 19 16 16 16 16 16 16 16 16 17 18 19 20 21 22 23 24 25 26 27 28 29 29 29 28 27 25 23 22 23 24 25 27 28 30 31 33 35 35 36 35 35 34 33 32 31 31 30 30 30 29 29 28 27 27 27 27 27 27 28 28 28 29 29 29 29 29 29 30 31 32 32 32 32 31 30 29 28 27 27 27 27 27 28 29 30 32
26 26 26 26 26 26 25 24 22 19 17 17 16 16 16 16 16 16 16 17 18 18 19 20 21 22 23 23 24 25 27 28 28 28 28 26 25 24 24 24 25 26 27 28 30 32 33 34 35 35 34 34 33 32 31 30 29 29 29 29 28 28 28 27 28 28 28 29 29 29 30 30 29 29 28 28 29 30 31 31 32 32 31 31 30 29 28 28 27 27 27 28 28 30 31 33
26 26 26 26 26 26 25 24 23 19 18 17 17 16 16 15 15 15 15 16 16 17 17 18 18 19 19 20 21 22 24 26 28 29 29 28 27 26 25 25 25 25 25 26 28 30 32 33 33 33 33 33 32 31 30 29 28 28 28 28 27 27 27 27 28 28 29 29 30 30 30 30 30 29 28 28 29 30 30 31 32 31 31 30 30 29 29 28 28 28 28 29 29 31 32 33
26 26 26 26 26 26 25 24 23 20 18 18 17 16 16 15 15 14 14 14 15 15 15 15 16 16 16 17 18 19 21 24 27 30 30 30 29 28 27 26 25 25 25 25 26 28 30 31 32 32 32 32 31 30 29 28 27 27 27 26 26 26 26 27 27 28 28 29 29 30 30 30 30 29 29 28 29 30 31 31 32 31 31 30 30 29 29 29 29 29 29 29 30 31 33 34
26 26 26 26 26 26 25 24 23 20 19 18 18 17 16 15 14 14 13 13 13 13 13 13 13 13 14 14 15 17 20 23 28 31 32 32 30 29 28 26 25 25 24 24 25 27 28 29 30 30 30 30 30 29 28 27 26 26 25 25 25 25 25 25 26 26 27 28 29 29 30 30 30 30 30 29 30 31 31 32 32 31 31 30 30 30 30 29 29 29 30 30 31 32 33 34
26 26 26 26 26 26 25 24 23 21 20 19 18 17 16 15 14 13 12 12 11 11 11 11 11 11 12 12 13 15 19 23 28 32 33 33 32 30 29 27 26 25 24 24 25 26 27 27 28 29 29 28 28 27 26 25 25 24 24 23 23 23 24 24 25 25 26 27 28 29 30 30 31 31 31 31 31 31 32 32 32 32 31 31 30 30 30 30 30 30 30 31 32 33 34 35
26 26 26 26 26 26 25 24 23 22 20 20 19 18 17 15 14 12 11 11 10 10 10 10 10 10 11 11 13 15 19 24 29 33 35 34 33 31 29 28 26 25 24 24 24 25 25 26 27 27 27 27 26 26 25 24 23 22 22 22 22 22 22 23 24 24 25 26 27 28 30 30 31 31 32 32 32 32 32 32 32 32 31 31 31 31 31 30 30 31 31 31 32 33 34 35
26 26 26 26 26 26 25 25 24 22 21 20 19 18 17 15 13 12 11 10 9 9 9 9 10 10 11 12 14 17 21 26 31 34 36 35 34 32 30 28 26 25 24 23 23 24 24 25 25 25 25 25 24 24 23 22 21 21 20 20 20 20 21 22 23 24 25 26 27 28 29 30 31 31 31 32 32 32 32 32 32 32 31 31 31 31 31 31 31 31 31 31 32 33 34 35
26 26 26 26 26 26 25 25 24 22 21 20 19 18 17 15 13 12 10 9 9 9 9 10 10 11 12 13 15 19 23 28 33 36 37 36 34 32 30 28 26 25 24 23 23 23 23 24 24 24 24 23 23 22 21 20 20 19 19 18 18 19 20 21 22 23 24 25 26 28 29 29 30 30 31 31 31 31 31 31 31 31 31 31 31 31 31 31 31 31 31 31 32 33 34 34
26 26 26 26 26 26 25 25 24 23 21 19 19 18 17 15 14 12 10 9 9 9 10 10 11 12 13 15 17 21 26 31 35 37 38 37 35 32 30 28 26 25 24 23 23 22 23 23 23 23 22 22 21 20 19 19 18 17 17 16 17 17 18 19 21 22 24 25 26 27 28 28 29 29 29 29 30 30 30 30 30 31 31 31 31 31 31 31 31 31 31 31 32 33 33 34
26 26 26 26 26 26 25 25 24 23 20 18 19 18 17 16 14 13 11 11 10 11 11 12 13 14 15 17 20 24 29 33 36 38 38 37 35 32 30 27 26 24 23 23 22 22 22 22 22 21 21 20 19 19 18 17 16 16 15 15 15 16 17 19 20 22 23 24 26 26 27 27 27 28 28 28 28 29 29 29 30 30 30 31 31 31 31 31 31 31 30 31 31 32 33 34
26 26 26 26 26 26 25 25 24 23 20 18 18 19 18 17 16 14 13 12 12 13 13 14 15 16 18 21 24 28 32 35 38 39 38 36 34 31 29 27 25 24 23 22 22 21 21 21 20 20 20 19 18 17 16 15 15 14 13 13 14 15 16 18 20 21 23 24 25 26 26 26 26 26 26 26 27 27 28 28 29 30 30 30 31 31 31 31 30 30 30 30 31 32 33 34
26 26 26 26 26 26 25 25 24 23 20 18 19 19 19 18 17 16 15 15 15 15 16 17 18 20 22 25 28 32 35 37 38 38 37 35 33 30 28 26 25 24 23 22 21 21 20 20 19 19 18 17 16 16 15 14 13 12 12 12 13 14 16 18 19 21 22 23 24 25 25 25 25 24 24 24 25 26 27 28 28 29 29 30 30 30 30 30 29 29 29 30 31 32 33 34
26 26 26 26 26 26 25 25 24 23 20 19 20 20 20 20 19 18 17 17 17 18 19 21 22 24 26 29 32 34 36 38 38 37 36 34 32 29 27 25 24 23 22 21 21 20 19 19 18 17 17 16 15 14 13 12 12 11 11 11 12 14 16 18 19 21 22 23 24 24 24 24 24 23 23 23 24 25 26 27 28 29 29 29 30 30 30 29 28 28 28 29 30 32 34 35
26 26 26 26 26 26 25 25 24 23 21 20 20 21 21 21 20 20 20 19 20 21 22 24 26 28 30 32 34 36 37 37 37 36 34 33 30 28 27 25 24 23 22 21 20 20 19 18 17 16 15 14 13 13 12 11 10 10 10 11 12 14 17 18 20 21 22 23 23 24 24 23 23 23 23 23 23 25 26 27 28 28 29 29 29 29 29 28 28 27 28 29 31 32 34 35
26 26 26 26 26 26 25 25 24 23 21 20 21 22 22 22 22 22 22 22 22 23 24 26 28 30 32 34 35 36 36 36 35 34 33 31 29 28 26 25 24 23 22 21 20 19 18 17 16 15 14 13 12 11 11 10 9 9 9 11 13 16 18 19 21 22 22 23 23 23 24 23 23 23 23 23 24 25 26 27 28 29 29 29 29 29 28 28 27 27 28 29 31 33 34 35
26 26 26 26 26 26 25 25 24 23 22 21 23 23 24 24 24 24 24 24 24 25 26 28 29 31 33 34 34 35 34 34 33 32 31 29 28 27 26 24 23 23 22 21 20 19 17 16 15 13 12 11 10 10 9 9 8 8 10 12 15 17 19 21 22 22 23 23 23 24 24 24 24 24 24 24 25 26 27 28 28 29 29 29 28 28 28 28 27 28 29 30 31 33 35 36
26 26 26 26 26 26 25 25 24 23 22 22 24 25 26 26 26 26 25 25 26 26 27 28 30 31 32 33 33 33 32 31 31 30 29 28 27 26 25 24 23 23 22 21 19 18 17 15 14 12 11 10 9 8 8 8 8 9 11 14 17 19 21 22 23 23 23 24 24 24 24 24 25 25 25 26 27 27 28 29 29 29 29 29 28 28 28 28 28 28 29 31 32 34 35 36
26 26 26 26 26 26 25 25 25 24 23 23 25 27 28 28 28 28 27 27 27 27 28 29 29 30 31 31 31 30 30 29 29 28 28 27 26 26 25 24 23 23 22 21 19 18 16 14 13 11 9 8 7 6 7 7 9 11 13 16 19 21 23 23 24 24 24 24 24 25 25 25 26 26 27 27 28 29 29 29 29 29 29 29 28 28 28 28 29 29 30 31 33 34 35 36
26 26 26 26 26 26 25 25 25 24 23 23 26 28 30 30 30 29 29 29 28 28 28 29 29 29 29 29 29 28 28 27 27 27 27 26 26 25 24 24 23 23 22 21 19 17 16 13 11 9 7 6 4 5 6 8 11 13 16 19 22 23 24 24 24 24 25 25 25 25 26 26 27 27 28 28 29 29 30 30 30 29 29 29 29 29 29 29 29 30 31 32 33 34 35 36
26 26 26 26 26 26 25 25 25 24 23 23 26 29 31 32 32 31 31 30 29 29 29 28 28 28 28 28 27 27 26 26 26 26 26 25 25 24 24 24 23 23 22 20 19 17 14 12 10 8 5 3 2 4 7 10 13 16 19 21 23 24 25 25 25 25 25 25 26 26 27 27 27 28 29 29 30 30 30 30 29 29 29 29 29 29 29 29 29 30 31 32 33 34 34 35
26 26 26 26 26 26 26 25 25 24 24 24 27 30 32 33 33 32 32 31 30 29 28 28 27 27 27 26 26 25 25 25 25 25 25 24 24 24 24 23 23 23 22 20 18 15 13 10 8 5 3 0 3 6 9 12 15 18 21 23 24 25 25 25 25 25 25 26 26 27 27 28 28 29 29 30 30 30 30 30 29 29 29 28 29 29 29 29 30 30 31 31 32 33 34 35
26 26 26 26 26 26 26 25 25 24 25 25 28 31 33 33 34 33 33 32 31 29 28 27 27 26 26 25 25 25 24 24 24 24 24 24 24 23 23 23 23 22 21 19 17 14 11 8 5 3 1 2 5 9 12 15 18 20 22 24 25 25 25 25 25 25 26 26 27 27 28 28 29 30 30 30 31 31 30 30 29 29 29 29 29 29 29 29 30 30 31 31 32 33 34 34
26 26 26 26 26 26 26 25 25 25 26 27 29 31 33 34 34 34 33 32 31 29 28 27 26 25 25 25 24 24 24 24 24 23 23 23 23 23 23 23 23 22 21 18 15 11 8 5 3 1 2 5 8 12 14 17 19 21 23 24 25 25 25 25 25 25 26 27 27 28 29 29 30 30 31 31 31 31 31 30 30 29 29 29 29 29 29 30 30 30 31 31 32 32 33 34
26 26 26 26 26 26 26 25 25 25 27 28 30 31 33 33 33 34 33 32 31 29 28 26 25 24 24 24 24 23 23 23 23 23 23 23 22 23 23 22 22 21 20 17 13 9 6 3 0 2 5 8 12 15 17 19 20 22 23 24 24 25 25 25 25 26 26 27 28 29 29 30 31 31 32 32 32 32 31 31 30 29 29 29 29 29 29 30 30 30 30 31 31 32 33 33
26 26 26 26 26 26 26 25 25 26 27 29 30 31 32 33 33 33 33 32 31 29 27 26 25 24 23 23 23 23 23 23 22 22 22 22 22 22 22 22 22 21 19 16 12 7 4 1 3 5 8 12 15 17 19 20 22 23 23 24 24 25 25 25 26 26 27 28 28 29 30 31 31 32 33 33 33 33 32 32 31 30 30 30 30 30 30 30 30 30 30 31 31 32 32 33
26 26 26 26 26 26 26 25 25 26 28 29 30 31 31 32 32 33 32 32 31 29 27 26 24 23 23 22 22 22 22 22 22 22 22 21 21 21 21 21 21 20 18 15 10 6 3 4 6 9 12 15 17 19 21 22 22 23 24 24 25 25 25 26 26 27 28 28 29 30 31 32 32 33 34 34 34 34 34 33 32 31 31 30 30 30 30 30 30 30 30 31 31 31 32 32
26 26 26 26 26 26 26 26 26 26 28 30 30 30 31 31 32 32 32 31 30 29 27 25 24 23 22 22 22 22 22 22 21 21 21 21 20 20 20 20 20 19 17 14 10 7 6 7 10 12 15 17 19 21 22 22 23 23 24 24 25 25 26 26 27 28 28 29 30 31 32 33 33 34 35 35 36 35 35 34 34 33 32 31 31 31 31 30 30 30 30 30 31 31 32 32
26 26 26 26 26 26 26 26 26 26 28 30 30 30 31 31 31 31 31 31 30 29 27 25 24 23 22 22 21 21 21 21 21 21 20 20 20 19 19 19 19 19 17 15 12 10 10 11 13 16 18 19 21 22 22 23 23 24 24 25 25 26 26 27 27 28 29 29 30 31 32 33 34 35 36 37 37 37 36 36 35 34 33 32 31 31 31 30 30 30 30 30 30 31 31 32
26 26 26 26 26 26 26 26 26 26 28 29 30 30 30 31 31 31 31 30 30 29 27 25 24 23 22 21 21 21 21 21 21 20 20 19 19 18 18 18 18 18 18 16 15 14 14 15 16 18 19 20 21 22 22 23 23 24 24 25 25 26 27 27 28 29 29 30 31 32 33 34 35 37 38 38 38 38 38 37 36 35 34 33 32 31 31 31 30 30 30 30 30 30 31 31
26 26 26 26 26 26 26 26 26 26 27 29 30 30 30 31 31 31 31 30 29 28 27 25 24 23 22 21 21 21 20 20 20 20 19 18 17 17 17 17 18 18 18 18 17 17 17 18 18 19 20 20 21 22 22 23 23 24 25 25 26 27 27 28 28 29 29 30 31 32 33 35 36 38 39 39 39 39 38 37 36 35 34 33 32 32 31 31 31 30 30 30 30 30 30 31
26 26 26 26 26 26 26 26 26 26 27 29 30 30 30 31 31 31 30 30 29 28 27 25 24 22 21 21 20 20 20 20 20 19 19 18 17 16 16 16 17 17 18 18 18 18 18 18 19 19 19 20 20 21 22 23 23 24 25 26 26 27 27 28 28 29 29 30 31 32 34 35 37 38 39 39 39 38 37 36 36 35 34 33 32 32 31 31 31 30 30 30 30 30 30 30
26 26 26 26 26 26 26 26 26 26 27 29 31 31 31 31 31 31 30 30 29 28 27 25 23 22 21 20 20 20 20 19 19 19 18 17 16 15 15 15 15 16 17 17 18 18 18 18 18 18 18 18 19 20 21 23 24 25 25 26 27 27 28 28 28 29 29 30 31 32 34 35 37 38 38 38 37 36 35 34 34 33 33 33 32 32 31 31 31 30 30 30 30 30 30 30
26 26 26 26 26 26 26 26 26 26 27 30 31 31 31 31 31 31 31 30 29 28 27 25 23 22 20 20 19 19 19 19 19 18 18 16 15 14 14 14 14 15 16 16 17 17 17 17 17 16 17 17 18 20 21 23 24 25 26 27 27 27 28 28 28 29 29 30 31 32 34 35 36 37 37 36 34 33 32 31 31 32 32 32 32 32 31 31 31 30 30 30 30 30 30 30
26 26 26 26 26 26 26 26 26 26 28 30 32 32 32 31 31 31 31 30 29 28 27 24 22 21 19 19 18 18 18 18 18 18 17 16 15 14 13 13 13 14 15 15 15 16 16 16 15 15 15 16 18 20 22 23 25 26 27 27 27 28 28 28 28 29 29 30 31 32 34 35 36 36 35 33 31 29 28 28 29 30 31 31 32 32 31 31 31 30 30 30 30 29 29 29
26 26 26 26 26 26 26 26 26 27 28 30 32 32 32 32 32 31 31 30 30 28 26 24 22 20 18 18 18 18 18 18 18 18 17 16 14 13 13 12 13 13 14 14 14 15 15 15 15 14 15 16 18 20 23 24 26 27 27 28 28 28 28 28 28 29 29 30 31 32 33 34 35 34 33 31 28 26 25 26 27 28 30 31 31 31 31 31 31 30 30 30 30 29 29 29
26 26 26 26 26 26 26 26 26 27 28 30 32 32 32 32 32 31 31 30 29 28 26 23 21 19 18 17 17 18 18 18 18 18 17 16 14 13 12 12 12 12 13 13 14 14 14 14 14 14 15 16 19 21 24 26 27 28 28 28 28 28 28 28 28 29 29 30 31 32 33 33 33 33 31 29 26 24 24 25 26 28 29 30 31 31 31 31 31 30 30 30 30 29 29 29
26 26 26 26 26 26 26 26 26 27 28 31 32 32 32 32 32 31 31 30 29 27 25 23 20 19 18 17 17 18 18 18 18 18 17 16 14 13 12 12 12 12 12 13 13 13 14 14 15 15 16 18 20 23 25 27 28 28 28 28 28 28 28 28 29 29 30 30 31 32 32 32 32 32 30 28 26 24 24 25 27 28 30 31 31 31 31 31 31 30 30 30 30 29 29 29
26 26 26 26 26 26 26 26 26 27 28 31 32 32 32 32 31 31 30 30 28 27 25 23 21 19 18 18 18 18 18 18 18 18 17 16 15 13 12 12 12 12 12 12 12 13 13 14 15 16 17 19 22 24 27 28 29 29 29 28 28 28 28 28 29 29 30 30 31 31 32 32 32 31 30 28 27 26 26 27 28 29 31 32 32 32 32 31 31 31 30 30 30 29 29 29
26 26 26 26 26 26 26 26 26 27 28 31 32 32 32 31 31 30 30 29 28 26 24 23 21 20 19 18 18 18 18 18 18 18 17 16 15 14 13 12 12 12 11 11 12 12 13 14 16 17 19 21 23 26 27 28 29 29 29 28 28 28 28 28 29 30 30 30 31 31 32 32 32 31 30 29 28 28 28 29 30 31 32 33 33 33 32 32 31 31 31 30 30 30 29 29
26 26 26 26 26 26 26 26 26 27 28 31 32 32 32 31 30 30 29 28 26 25 24 23 21 20 19 19 19 18 18 18 18 18 18 17 16 15 14 13 12 12 11 11 11 12 13 14 16 18 20 22 25 27 28 29 29 29 28 28 28 28 28 29 29 30 30 31 31 32 32 32 32 32 31 30 30 30 30 31 32 33 34 34 34 34 33 33 32 31 31 30 30 30 29 29
26 26 26 26 26 26 26 26 26 27 28 30 32 32 32 31 30 29 28 26 25 24 23 22 21 21 20 19 19 19 19 18 18 18 18 17 16 15 14 13 12 12 11 11 11 12 13 15 17 19 21 23 25 27 28 28 28 28 28 28 28 28 29 29 30 30 31 31 31 32 32 32 32 32 32 32 32 32 32 33 34 35 36 36 36 36 35 34 33 32 31 31 30 30 30 29
26 26 26 26 26 26 26 26 26 27 28 30 32 32 31 30 29 28 26 25 24 23 23 22 21 21 20 20 19 19 19 19 18 18 18 17 16 15 14 14 13 12 11 11 11 12 14 16 18 20 22 24 26 27 28 28 28 28 28 28 28 28 29 29 30 31 31 31 32 32 33 33 33 33 33 33 33 34 34 35 36 37 37 38 37 37 36 35 34 33 32 31 31 30 30 29
26 26 26 26 26 26 26 26 26 27 28 30 32 32 31 30 29 27 26 24 23 23 22 22 21 21 20 20 20 19 19 19 18 18 18 17 16 15 15 14 14 13 12 12 12 13 15 17 19 21 23 25 26 27 27 27 28 28 28 28 28 29 29 30 30 31 31 32 32 33 33 33 33 34 34 34 35 35 36 37 37 38 38 38 38 37 36 35 34 33 32 31 31 30 30 29
26 26 26 26 26 26 26 26 26 27 28 30 32 31 31 30 28 27 25 24 23 22 22 22 21 21 21 20 20 20 19 19 19 18 18 17 16 15 15 15 14 14 14 13 14 15 17 18 20 22 24 25 26 27 27 27 27 28 28 28 29 29 30 30 31 31 32 32 33 33 34 34 34 34 35 35 36 36 37 38 38 38 38 37 37 36 36 35 34 33 32 31 31 30 30 29
26 26 26 26 26 26 26 26 26 27 28 30 31 31 30 29 28 26 25 24 23 22 22 22 21 21 21 20 20 20 20 19 19 19 18 17 16 16 15 15 15 16 15 16 16 17 18 20 22 23 24 25 26 26 27 27 27 28 28 29 29 30 30 31 31 32 32 33 33 34 34 34 35 35 35 36 36 37 38 38 38 38 37 36 35 35 34 34 33 33 32 31 30 30 29 29
26 26 26 26 26 26 26 26 26 27 28 30 31 30 30 28 27 26 25 24 23 23 22 22 22 21 21 21 20 20 20 20 19 19 18 18 17 16 16 16 16 17 17 17 18 19 20 21 23 24 25 26 26 26 27 27 27 28 28 29 30 30 31 31 32 32 33 33 34 34 35 35 35 36 36 36 37 38 38 38 38 37 36 34 33 33 33 33 32 32 31 31 30 30 29 29
26 26 26 26 26 26 26 26 26 27 28 29 30 30 29 28 27 26 25 24 23 23 23 22 22 22 21 21 21 20 20 20 20 19 19 18 17 17 17 17 17 18 18 19 19 20 21 22 23 24 25 26 26 26 26 27 27 28 28 29 30 30 31 31 32 33 33 34 34 35 35 35 36 36 36 37 37 38 38 38 38 37 35 33 31 31 31 32 32 31 31 30 30 29 29 29
26 26 26 26 26 26 26 26 26 27 28 29 30 29 28 27 26 25 25 24 24 23 23 22 22 22 21 21 21 21 20 20 20 20 19 19 18 17 17 17 17 18 19 20 20 21 22 23 24 25 25 26 26 26 26 26 27 28 29 29 30 31 31 32 32 33 34 34 35 35 36 36 36 36 36 37 37 38 38 38 37 36 34 32 30 30 30 31 31 31 30 30 29 29 29 28
26 26 26 26 26 26 26 26 26 27 28 29 29 29 28 27 26 25 25 24 24 23 23 23 22 22 22 21 21 21 21 21 20 20 20 19 19 18 17 17 18 18 19 20 21 21 22 23 24 25 25 26 26 26 26 26 27 28 29 30 30 31 31 32 32 33 34 35 35 36 36 36 36 36 36 37 37 38 38 38 37 36 34 32 30 30 30 31 31 30 30 30 29 29 28 28
26 26 26 26 26 26 26 26 26 27 27 28 29 28 27 26 26 25 25 24 24 23 23 23 22 22 22 22 21 21 21 21 21 20 20 20 19 18 18 17 18 19 20 21 21 22 23 24 25 25 26 26 26 26 26 27 27 28 29 30 30 31 31 32 33 33 34 35 36 36 36 35 35 35 36 36 37 38 38 38 37 36 34 32 31 31 31 31 31 30 30 29 29 28 28 28
26 26 26 26 26 26 26 26 26 27 27 28 28 27 27 26 26 25 25 24 24 24 23 23 22 22 22 22 22 22 21 21 21 21 20 20 19 19 18 18 18 19 20 21 22 23 24 25 25 26 26 26 26 26 26 27 28 29 29 30 31 31 32 32 33 33 34 35 35 35 35 35 34 35 35 36 37 38 38 38 37 36 35 33 32 31 31 31 31 30 30 29 28 28 28 27
26 26 26 26 26 26 26 26 26 27 27 28 27 27 26 26 25 25 25 24 24 24 23 23 23 22 22 22 22 22 22 21 21 21 21 20 20 19 19 19 19 20 21 22 23 24 25 25 26 26 27 26 26 26 27 27 28 29 30 30 31 31 32 32 33 33 34 34 35 35 34 34 33 34 35 36 37 37 38 38 37 36 35 34 32 32 31 31 31 30 29 28 28 27 27 27
26 26 26 26 26 26 26 26 26 27 27 27 27 26 26 25 25 25 25 24 24 24 23 23 23 22 22 22 22 22 22 22 21 21 21 21 21 20 20 20 20 21 22 23 24 25 25 26 27 27 27 27 27 27 27 28 29 29 30 30 31 31 31 32 32 33 34 34 34 34 34 33 33 33 34 35 37 37 38 38 38 37 36 34 32 31 31 31 30 29 29 28 27 27 26 26
26 26 26 26 26 26 26 26 26 27 27 27 26 25 25 25 25 25 25 24 24 24 23 23 23 22 22 22 22 22 22 22 21 21 21 21 21 21 21 21 22 22 23 23 24 25 26 26 27 27 27 27 27 27 27 28 29 30 30 31 31 31 31 32 32 33 33 33 33 33 33 33 33 33 34 36 37 38 38 38 38 38 36 34 32 30 30 29 29 29 28 27 26 26 26 25
26 26 26 26 26 26 26 26 26 26 27 27 25 24 24 24 24 25 25 24 24 23 23 23 22 22 22 22 22 22 22 22 21 21 21 21 21 21 22 22 22 23 23 24 24 25 26 26 26 27 27 27 27 27 28 28 29 30 30 31 31 31 31 32 32 32 32 33 33 33 33 33 33 34 35 36 37 38 38 39 39 38 36 34 30 28 27 27 27 27 27 26 25 25 25 25
26 26 26 26 26 26 26 26 26 26 27 26 25 23 23 23 24 24 24 24 23 23 23 22 22 22 22 22 22 22 22 22 21 21 20 21 21 21 22 22 23 23 23 24 24 25 25 26 26 26 26 27 27 27 28 28 29 30 30 31 31 31 31 31 31 32 32 32 32 32 32 33 33 34 35 36 37 38 39 39 39 38 36 32 28 25 24 25 25 25 25 25 24 24 24 24
