inputs/slope.asc
ncols         404
nrows         404
xllcorner     4681261
yllcorner     2523693
cellsize      1
NODATA_value  -9999
[rows 315 to 377 of 404, columns 288 to 383 of 404]
10 11 12 12 13 13 13 13 13 13 12 12 12 12 12 12 11 11 11 10 10 10 10 11 13 14 15 16 17 18 18 17 15 14 12 10 9 9 8 8 8 7 6 6 5 5 5 5 5 5 5 5 5 5 5 6 6 6 5 5 5 4 4 4 4 4 4 4 4 4 4 4 5 6 7 8 10 11 11 11 11 10 9 7 6 4 3 3 2 2 2 2 2 2 2 2
9 10 11 12 12 13 13 13 13 13 13 13 13 13 13 12 12 11 11 10 10 10 11 12 14 15 16 17 18 19 20 19 18 16 14 12 10 9 9 8 8 8 7 6 6 6 6 6 6 5 5 5 5 5 5 6 6 6 6 5 5 5 5 5 4 4 4 4 4 4 4 4 4 5 7 8 10 11 12 12 12 11 9 8 6 4 3 3 2 2 2 2 2 2 2 2
8 9 10 11 12 13 13 13 13 13 13 13 13 14 13 13 12 11 11 10 10 10 11 13 14 15 16 16 17 18 20 20 20 19 17 14 11 10 9 9 8 8 8 7 7 7 7 7 7 6 6 5 5 5 5 6 6 6 6 6 5 5 5 5 5 4 4 4 4 4 4 4 4 5 7 8 10 11 12 12 12 11 10 8 6 4 3 3 2 2 2 2 2 2 2 2
7 8 9 11 12 13 13 13 14 14 14 14 14 14 14 14 13 12 11 10 10 10 11 12 13 13 13 14 14 16 18 20 21 21 19 16 13 11 9 9 8 8 8 8 8 9 9 9 8 8 7 6 5 5 5 6 6 6 6 6 5 5 5 5 5 5 4 4 4 4 4 4 4 5 7 8 10 12 13 13 13 12 10 8 6 4 3 2 2 2 2 2 2 2 2 2
6 7 8 10 11 13 13 14 14 14 14 15 15 15 15 15 14 13 11 10 9 10 10 11 11 10 10 10 10 12 14 18 20 21 20 17 14 11 10 9 9 9 9 9 9 10 10 10 10 9 8 7 6 5 5 6 6 6 6 6 5 5 5 5 5 5 4 4 4 4 4 4 5 5 7 8 10 12 13 13 13 12 11 9 6 4 3 2 2 2 2 2 2 2 2 2
5 5 7 8 10 12 13 14 14 15 15 15 16 16 16 16 15 14 12 10 9 9 8 8 8 7 7 6 6 8 11 15 19 21 21 18 15 12 10 9 9 9 10 10 10 10 11 11 11 11 10 9 7 6 6 6 6 6 6 6 5 5 5 5 5 5 5 4 4 5 5 5 5 5 7 8 10 12 13 13 13 13 11 9 7 5 3 3 2 2 2 2 2 2 2 2
4 4 5 7 9 11 12 13 14 15 15 16 16 17 17 17 17 15 13 10 8 7 7 6 6 5 5 4 4 6 8 13 18 21 21 19 16 12 10 9 9 9 10 10 11 11 11 12 12 13 12 10 9 8 7 7 7 7 6 6 6 5 5 5 5 5 4 4 5 5 5 5 5 6 7 8 10 12 13 14 14 13 12 10 7 5 4 3 2 2 2 2 2 2 2 2
4 4 4 5 7 9 11 13 14 15 15 16 17 18 18 19 18 17 14 11 9 7 6 5 5 4 4 4 4 5 7 11 16 20 21 19 16 12 10 8 8 9 10 11 11 12 12 12 13 14 14 12 11 9 9 8 8 7 7 6 6 5 5 5 5 5 4 4 4 5 5 5 5 6 7 9 10 12 13 14 14 13 12 10 8 5 4 3 2 2 2 2 2 2 2 2
4 4 4 4 6 8 10 11 13 14 16 17 18 19 20 20 20 19 16 13 10 8 6 5 5 6 6 6 5 6 7 10 15 19 21 20 16 12 9 7 7 8 10 11 12 13 13 13 14 15 15 14 13 12 11 10 9 9 8 7 6 5 5 5 5 4 4 4 4 5 5 5 6 6 7 9 10 12 13 14 14 14 12 11 8 6 4 3 2 2 2 2 2 2 2 2
5 5 4 4 5 7 9 11 13 14 16 17 19 20 21 21 21 21 19 16 13 10 8 8 8 8 8 8 8 8 8 11 14 18 20 20 17 13 9 7 7 8 10 12 13 14 14 15 15 16 16 16 15 13 12 12 11 10 9 8 6 6 5 5 5 4 4 4 4 5 5 5 6 6 7 9 10 12 13 14 14 14 13 11 9 7 5 3 3 2 2 2 2 2 2 2
7 6 6 6 6 7 9 11 13 15 17 18 20 21 22 23 23 23 22 20 17 14 12 11 11 11 12 11 11 11 11 12 15 18 20 20 18 14 10 7 7 9 12 14 15 16 16 16 17 18 18 17 16 15 14 13 12 11 10 9 7 6 5 5 4 4 4 4 4 4 5 5 6 7 8 9 10 12 13 14 14 14 13 12 9 7 5 4 3 2 2 2 2 2 2 2
8 8 8 8 8 9 10 12 14 16 18 20 21 22 23 24 25 25 24 23 21 19 17 16 15 15 15 14 14 13 13 14 16 19 21 21 19 16 11 8 8 11 13 15 16 17 17 18 19 19 19 18 17 16 15 14 13 12 11 9 8 6 5 5 4 4 4 4 4 4 5 5 6 7 8 9 10 12 13 13 14 14 13 12 10 8 6 4 3 2 2 2 2 2 2 2
10 10 10 10 11 12 13 14 16 17 19 20 22 23 24 25 26 26 26 26 25 23 21 20 19 18 17 16 16 15 15 16 17 19 21 22 21 17 13 10 10 13 15 16 17 17 18 19 20 20 20 20 19 17 16 15 14 13 12 10 9 7 6 5 4 4 4 4 4 4 5 5 6 7 8 9 10 12 13 13 14 14 13 12 11 9 7 5 3 3 2 2 2 2 2 2
11 12 12 13 13 14 15 16 17 19 20 21 22 23 24 25 26 27 27 27 27 26 24 23 21 20 18 17 17 17 17 17 18 20 22 23 22 19 15 12 13 15 17 17 17 17 17 18 19 21 21 21 20 19 17 16 15 14 13 11 10 8 7 5 5 4 4 4 4 4 4 5 6 7 8 9 10 11 12 13 13 14 13 13 11 10 8 6 4 3 2 2 2 2 2 2
12 13 14 14 15 16 17 18 18 19 20 20 22 23 24 25 26 27 28 28 28 27 26 24 23 21 19 18 18 17 18 18 19 21 22 23 22 20 17 15 15 16 17 17 16 15 15 16 18 20 21 21 21 20 19 17 16 15 13 12 11 9 8 6 5 5 5 5 4 4 4 5 6 7 8 9 10 11 12 13 13 13 13 13 12 10 8 6 4 3 2 2 2 2 2 2
14 15 16 16 17 18 18 19 19 19 19 20 21 22 23 24 26 26 27 28 28 27 26 25 23 21 20 18 18 18 18 19 20 21 22 23 22 21 18 16 16 17 17 16 14 13 13 14 16 18 20 21 21 21 20 19 17 16 14 13 11 10 9 7 6 6 6 5 5 5 5 5 6 7 8 9 10 10 11 12 13 13 13 13 12 11 9 7 5 3 3 2 2 2 2 2
16 17 18 18 19 19 19 19 19 19 19 19 20 21 22 24 25 26 27 27 27 27 26 25 23 22 20 19 19 19 19 20 21 22 23 23 23 21 19 18 17 17 17 15 13 12 12 13 15 17 19 20 21 22 22 21 19 17 15 14 12 11 9 8 7 7 6 6 6 5 5 6 6 7 8 9 9 10 11 12 13 13 13 13 12 11 9 7 5 3 3 2 2 2 2 2
19 19 20 20 20 20 20 20 19 19 19 19 19 21 22 23 24 25 26 26 27 26 26 25 24 22 21 20 19 19 20 21 21 23 24 24 23 22 20 19 18 17 16 15 13 12 12 13 14 16 17 19 21 22 23 22 21 19 17 15 13 11 10 9 8 8 7 7 6 6 6 6 7 8 8 9 9 10 11 12 13 13 13 13 12 11 9 7 5 3 3 2 2 2 2 2
21 21 22 22 22 21 21 21 20 19 19 19 19 20 21 22 23 24 25 25 26 26 25 25 24 23 22 21 21 21 21 22 23 24 24 25 24 23 22 20 19 18 17 15 14 13 13 13 14 15 17 18 20 22 23 23 23 21 18 16 13 12 10 9 9 8 8 7 7 7 7 7 7 8 8 9 10 10 11 12 13 13 14 13 13 11 9 7 5 3 3 2 2 2 2 2
22 22 23 23 22 22 21 21 20 20 19 19 19 20 21 21 22 23 23 24 24 25 25 24 24 23 23 22 22 22 22 23 24 25 26 26 26 25 24 22 21 20 18 17 15 15 14 14 14 15 16 18 20 22 23 24 24 22 20 17 14 12 11 10 9 8 8 8 7 7 7 7 8 8 9 9 10 10 11 12 13 14 14 14 13 11 9 7 5 3 3 2 2 2 2 2
22 23 23 23 23 22 22 21 20 20 20 19 20 20 20 21 22 22 23 23 24 24 24 24 24 24 24 24 24 24 24 24 25 26 27 27 27 26 25 24 23 21 19 18 17 16 15 15 15 15 16 17 19 21 23 24 25 24 22 19 15 13 11 10 9 8 8 8 8 8 8 8 8 9 9 10 10 11 12 12 13 14 14 14 13 11 9 7 5 3 3 2 2 2 2 2
22 22 22 23 22 22 22 21 21 20 20 20 20 20 20 21 21 21 22 22 23 23 24 24 24 25 25 25 25 25 25 25 26 27 27 28 28 28 27 26 24 22 21 19 18 17 16 15 15 15 16 17 18 20 22 24 25 25 23 20 17 14 12 10 9 9 8 8 8 8 8 9 9 9 10 10 11 11 12 13 13 14 14 14 13 11 9 7 5 3 3 2 2 2 2 2
21 22 22 22 22 22 22 21 21 20 20 20 20 20 20 20 21 21 21 22 22 23 23 24 24 25 25 25 26 26 26 26 26 27 28 28 29 28 28 27 25 23 21 20 18 17 16 16 15 15 16 17 18 20 22 24 25 25 24 22 19 15 13 11 10 9 9 8 8 9 9 9 10 10 10 11 11 12 12 13 13 14 14 14 13 12 10 7 5 4 3 2 2 2 2 2
20 21 21 21 21 21 21 21 21 20 20 20 20 20 20 20 20 20 21 21 22 23 23 24 24 25 25 26 26 26 26 26 26 27 27 28 28 28 28 27 26 24 22 20 19 17 16 16 15 16 16 17 18 20 21 23 25 26 25 24 21 17 15 12 11 10 9 9 9 9 9 10 10 10 11 11 11 12 12 13 13 14 14 14 13 12 10 8 6 4 3 3 2 2 2 2
19 20 20 21 21 21 21 21 21 20 20 20 20 19 19 19 19 20 20 21 22 22 23 23 24 24 25 25 26 26 26 26 26 27 27 27 28 28 28 27 26 25 23 21 19 18 17 16 16 16 16 17 18 20 21 23 25 26 26 25 23 20 17 15 13 12 11 10 10 10 10 11 11 11 11 11 12 12 13 13 14 14 14 14 14 13 11 9 7 5 4 3 3 2 2 2
19 19 20 20 21 21 21 21 21 21 20 20 20 19 19 19 19 19 20 21 21 22 22 23 24 24 24 25 25 26 26 26 26 26 27 27 27 27 27 27 26 25 24 22 20 19 18 17 16 17 17 18 19 20 21 23 24 26 27 26 25 23 20 18 16 14 13 12 12 11 11 11 11 12 12 12 12 13 13 13 14 14 14 14 14 13 12 10 8 6 4 3 3 2 2 2
19 19 20 21 21 22 22 22 22 21 21 20 20 20 19 19 19 19 20 20 21 22 22 23 23 23 24 24 24 25 25 25 25 26 26 26 26 27 27 27 26 25 24 23 21 20 19 18 17 17 18 18 19 20 22 23 24 26 27 27 26 25 23 21 19 17 16 15 14 13 13 12 12 12 12 13 13 13 13 14 14 14 14 14 14 14 13 11 9 7 5 4 3 3 2 2
18 19 20 21 22 22 22 23 22 22 22 21 21 20 20 19 19 19 20 20 21 21 22 22 22 22 23 23 23 24 24 24 24 25 25 25 26 26 26 26 26 25 25 24 23 21 20 19 19 18 19 19 20 21 22 23 24 26 27 27 27 26 25 23 22 20 19 17 16 15 14 14 13 13 14 14 14 14 14 14 14 14 14 15 15 14 14 12 10 8 6 5 3 3 3 2
18 19 21 22 23 23 23 24 24 23 23 23 22 21 21 20 20 20 20 20 21 21 21 21 21 21 22 22 22 23 23 23 23 24 24 24 25 25 25 26 26 25 25 24 23 22 21 20 20 20 20 20 21 22 23 24 25 26 27 27 27 27 26 25 24 22 21 20 19 18 16 16 15 15 15 15 15 15 15 14 14 14 14 15 15 15 14 13 11 9 7 5 4 3 3 2
18 20 22 23 24 24 24 24 25 25 24 24 24 23 22 22 21 21 21 21 21 21 21 21 21 21 21 21 21 21 22 22 22 22 23 23 24 24 24 25 25 25 25 24 23 23 22 21 21 21 21 21 21 22 23 24 25 26 26 27 27 27 26 26 25 24 23 22 21 20 19 17 17 16 16 16 16 16 15 15 14 14 14 14 15 15 14 13 12 10 8 6 4 3 3 2
18 20 22 23 23 24 24 25 25 25 25 25 25 25 24 23 23 22 21 21 20 20 20 20 20 19 19 20 20 20 20 20 20 20 21 21 22 22 23 23 24 24 24 23 23 23 22 22 21 21 21 21 21 22 23 24 25 25 26 26 27 27 26 26 25 25 24 24 23 22 21 19 18 18 18 18 18 17 16 15 14 14 14 14 15 15 15 14 13 11 9 6 5 3 3 2
17 19 21 21 22 22 22 23 24 24 25 26 26 26 25 25 24 23 22 21 20 19 19 18 18 18 18 18 18 19 19 18 18 18 18 19 19 20 21 21 22 22 22 22 22 22 21 21 21 21 21 21 21 22 23 23 24 25 26 26 26 26 26 26 26 25 25 25 24 24 22 21 20 19 19 19 19 18 17 16 14 14 14 14 14 15 15 14 13 11 9 7 5 4 3 3
17 19 19 19 18 18 18 19 20 22 23 24 25 26 26 25 25 24 22 21 20 19 18 17 17 16 16 17 17 17 17 17 17 16 16 16 17 17 18 19 20 20 21 21 21 21 20 20 20 20 20 20 21 21 22 23 24 24 25 25 26 26 26 26 26 26 26 26 25 25 24 22 21 20 20 20 20 19 18 16 15 14 14 14 14 15 15 14 13 12 10 8 6 4 3 3
17 18 18 16 14 12 12 13 15 17 19 21 22 24 24 24 24 23 22 21 20 18 17 16 15 15 15 15 15 16 16 15 15 15 14 14 14 15 15 16 17 18 19 19 19 19 19 19 19 19 19 20 20 20 21 22 23 23 24 25 25 26 26 26 26 26 26 26 26 26 25 23 22 21 21 21 21 21 19 17 15 14 13 14 14 15 15 14 14 13 11 8 6 4 3 3
16 18 17 15 12 10 7 6 7 9 12 15 17 19 20 21 22 22 21 21 20 18 17 15 14 13 13 13 13 14 14 14 14 13 13 12 12 13 13 14 14 15 16 17 17 18 18 18 18 18 19 19 19 20 20 21 22 22 23 24 25 25 25 25 26 26 26 26 26 26 25 24 23 22 22 22 22 22 20 18 15 14 13 13 14 14 15 14 14 13 11 9 7 5 4 3
16 18 18 17 15 13 11 8 4 1 3 6 9 12 14 16 17 18 19 19 19 18 16 15 13 12 12 12 12 12 13 13 12 12 11 11 11 11 11 11 12 12 13 14 15 16 16 17 17 18 18 18 18 18 19 20 20 21 22 23 24 24 25 25 25 26 26 26 27 26 26 25 23 23 23 23 23 22 21 18 16 14 13 13 14 14 14 14 14 13 12 10 8 5 4 3
15 17 19 19 19 18 17 15 13 10 7 4 2 4 7 9 12 14 16 17 18 17 16 15 13 12 11 10 10 11 11 11 11 11 10 10 10 9 9 9 9 9 10 11 12 13 14 15 16 17 17 17 17 17 18 18 19 20 20 21 22 23 24 24 25 25 26 26 27 27 26 25 24 24 24 24 23 23 21 19 16 14 14 13 14 14 14 14 14 14 13 11 8 6 4 3
14 16 18 20 20 21 21 20 19 17 15 12 9 6 3 4 6 9 13 15 17 17 16 15 13 11 10 10 9 10 10 10 10 10 9 9 9 9 8 8 8 7 7 8 9 10 12 13 14 15 16 16 16 16 16 17 17 18 18 20 21 22 23 23 23 24 24 25 26 27 27 26 26 25 25 24 23 22 21 19 16 15 14 13 13 14 14 14 14 14 13 11 9 7 5 4
12 14 16 18 20 21 22 22 22 21 20 18 15 12 9 7 6 8 11 14 16 17 16 15 13 12 10 9 9 9 9 9 9 9 9 9 9 9 9 8 7 6 5 5 6 7 9 11 12 14 15 15 15 15 15 15 15 15 16 17 18 20 21 21 21 22 22 24 25 26 27 27 27 26 26 25 23 22 20 18 16 15 14 13 13 14 14 14 14 14 13 12 9 7 5 4
10 11 13 15 17 19 20 21 22 22 21 21 19 17 15 13 11 12 13 15 17 17 16 15 13 12 11 9 9 8 8 9 9 9 10 10 10 10 9 8 7 6 4 3 3 4 6 8 10 12 13 14 14 14 14 14 13 13 13 14 15 17 18 19 19 19 20 21 24 26 27 28 28 28 27 25 23 21 20 18 16 15 14 13 13 14 14 14 14 14 13 12 10 8 6 4
8 9 11 12 14 15 17 18 19 20 21 21 21 20 20 18 17 17 18 18 19 18 17 16 14 13 12 10 10 9 9 9 9 10 10 11 11 10 10 8 7 5 3 2 2 3 4 5 7 9 11 12 13 13 13 13 12 11 11 11 12 14 15 16 17 17 18 20 23 26 28 28 29 28 27 25 23 21 19 17 16 14 13 13 13 14 14 14 15 14 14 12 10 8 6 4
8 8 9 10 11 12 13 15 16 17 19 20 21 22 22 22 22 22 22 22 21 20 18 17 16 14 13 12 11 10 10 10 10 11 11 11 11 10 9 8 6 4 2 1 1 1 2 4 5 7 9 11 12 13 13 12 11 10 9 9 10 12 14 15 16 16 18 20 23 26 28 29 29 29 27 25 23 20 18 17 15 14 13 13 13 14 14 14 15 15 14 12 10 8 6 4
8 8 8 9 9 10 11 12 14 15 17 18 20 22 23 24 25 25 25 24 23 21 20 18 17 16 15 14 13 12 11 11 11 11 11 11 11 10 9 7 5 3 2 1 0 1 1 2 4 6 8 10 12 12 13 12 12 10 9 9 9 11 13 15 16 17 19 21 24 26 28 28 29 28 27 25 22 20 18 16 15 14 14 13 13 14 14 15 15 15 14 12 10 8 6 4
9 9 9 9 9 10 10 11 12 14 16 17 19 21 23 25 25 26 26 25 24 23 21 20 19 18 17 15 14 13 12 11 11 11 11 11 11 10 8 6 4 2 1 1 0 0 1 2 3 5 7 10 11 13 13 13 12 10 9 9 10 12 14 16 18 19 21 22 24 26 27 28 28 27 26 24 22 20 18 17 15 15 14 13 13 14 14 15 15 15 14 13 10 8 6 5
10 9 10 10 10 11 11 12 13 14 16 17 19 21 23 24 26 26 26 26 25 24 23 22 21 20 18 17 15 14 13 12 11 11 11 10 10 9 7 5 3 2 1 0 0 0 1 2 3 5 8 10 12 13 13 13 12 11 10 10 11 13 15 17 19 20 22 23 24 25 26 26 26 26 25 23 21 20 18 17 16 15 14 14 14 14 14 15 15 15 14 13 11 8 6 5
11 11 11 11 12 12 12 13 14 15 17 18 20 21 23 24 26 26 27 27 26 26 25 24 23 21 20 18 16 15 13 12 11 10 10 10 9 7 6 4 2 1 0 0 0 0 1 2 4 6 9 11 13 14 14 13 12 11 11 11 12 14 16 18 20 21 22 23 23 24 25 25 25 24 24 22 21 20 19 18 17 16 15 14 14 14 14 15 15 15 14 13 11 9 7 5
12 12 12 13 13 14 14 15 16 17 18 19 20 22 23 25 26 27 27 28 28 27 27 26 24 23 21 19 18 16 14 13 12 10 10 9 8 6 4 3 2 1 0 0 0 1 2 3 5 8 11 13 14 15 15 14 13 12 12 12 13 15 17 19 20 21 22 22 23 23 23 23 23 23 22 21 20 20 19 18 17 16 15 14 14 14 14 15 15 15 15 13 12 10 8 6
13 13 13 14 14 15 16 16 17 18 19 20 21 22 24 25 26 27 28 28 28 28 28 27 26 24 23 21 19 18 16 14 13 11 9 8 7 5 3 2 1 1 0 0 1 1 3 5 7 10 13 15 16 16 15 14 14 13 13 13 14 16 17 19 20 21 21 21 22 22 22 22 22 21 21 20 20 19 19 19 18 17 15 14 14 14 14 15 15 15 15 14 12 10 8 6
13 14 14 15 15 16 17 17 18 19 19 20 21 23 24 25 27 28 29 29 29 29 29 28 27 25 24 22 21 19 18 16 14 12 10 8 6 4 3 2 1 1 1 1 1 3 4 7 10 13 15 16 17 17 16 15 14 13 13 14 15 16 17 18 19 20 20 21 21 21 21 21 20 20 20 19 19 19 19 19 18 17 16 15 14 14 14 14 15 15 15 14 13 11 9 7
14 15 15 16 16 17 17 18 19 19 20 21 22 23 24 26 27 28 29 29 29 29 29 28 27 26 25 24 22 21 20 18 16 14 11 9 7 5 3 2 2 2 2 2 3 4 6 9 12 15 17 17 17 17 15 14 13 13 13 13 14 16 17 18 19 19 20 20 20 20 20 20 19 19 19 18 18 19 19 19 18 17 16 15 14 14 14 14 15 15 15 14 13 11 9 7
15 15 16 16 17 17 18 19 19 20 20 21 22 23 25 26 27 28 28 28 28 28 28 27 26 25 25 24 23 22 21 20 18 16 14 11 9 7 6 5 4 4 4 5 6 7 9 12 14 16 17 18 17 16 15 13 13 12 12 13 14 15 16 17 18 19 19 19 19 19 19 19 18 18 18 18 18 18 18 18 18 17 16 15 14 14 14 14 15 15 15 14 13 12 10 8
15 16 16 17 18 18 19 19 20 20 21 21 22 23 24 25 26 27 27 26 26 26 25 24 24 23 23 23 22 22 21 20 19 18 16 14 12 10 9 8 8 7 8 8 9 11 13 14 16 17 18 17 16 15 13 12 12 11 11 12 13 14 15 16 17 18 18 18 18 18 18 18 18 17 17 17 17 18 18 18 18 17 16 15 14 14 14 14 14 15 15 15 14 12 10 8
16 17 17 18 19 19 20 20 20 21 21 21 22 23 24 25 25 25 24 24 23 22 22 21 21 21 21 21 21 21 21 20 20 19 18 17 15 14 13 12 12 12 12 12 13 14 16 17 18 18 18 17 15 14 12 11 11 10 11 11 12 13 15 16 17 17 18 18 18 18 18 17 17 17 17 17 17 17 17 18 18 17 17 15 14 14 14 14 14 15 15 15 14 13 11 9
18 18 19 19 20 20 21 21 21 21 21 21 22 22 23 23 23 23 22 21 20 19 19 18 18 18 18 19 19 19 20 20 20 20 19 18 18 17 16 16 15 16 16 16 17 18 18 19 19 18 17 16 14 12 11 10 10 10 10 10 11 13 14 15 17 17 18 18 18 17 17 17 17 17 17 16 16 16 17 17 18 17 17 15 14 14 13 14 14 15 15 15 14 13 11 9
19 20 20 21 21 22 22 22 22 22 22 22 22 22 22 23 22 21 20 19 18 18 17 17 17 17 17 17 17 18 18 19 19 19 19 19 19 19 18 18 18 18 19 19 19 20 20 20 19 18 17 15 13 12 10 10 9 9 10 10 11 12 14 15 16 17 18 18 17 17 17 16 16 16 16 16 16 16 16 17 17 17 17 15 14 13 13 14 14 15 15 15 14 13 11 9
21 21 22 22 22 23 23 23 23 23 23 22 22 22 22 22 22 21 20 19 19 18 18 17 17 16 16 16 16 17 17 17 18 18 19 19 19 19 19 19 20 20 20 21 21 21 21 20 20 19 17 15 13 12 10 10 9 9 10 10 11 12 14 15 16 17 18 17 17 17 16 16 16 16 16 16 16 16 16 17 17 17 17 15 14 13 13 13 14 14 15 15 14 13 11 9
22 22 23 23 24 24 24 24 24 24 24 23 23 23 23 23 23 22 22 21 21 20 20 19 19 18 17 17 16 16 16 17 17 18 18 19 19 19 20 20 20 21 21 22 22 22 22 21 20 19 18 16 14 12 11 10 10 10 10 11 12 13 15 16 17 17 18 17 17 16 15 15 15 16 17 17 17 17 17 17 17 17 17 15 14 13 13 13 14 14 15 15 14 13 11 9
23 23 24 24 25 25 25 26 26 26 26 25 25 25 25 25 25 25 24 24 24 23 23 22 21 21 20 19 18 17 17 17 17 18 18 19 19 20 20 20 21 21 22 22 22 22 22 22 21 20 19 17 16 14 13 12 11 11 12 12 14 15 16 17 17 18 18 17 17 16 15 14 15 16 17 17 17 17 18 18 18 18 17 16 14 13 13 13 14 14 15 14 14 13 11 9
24 24 25 25 26 26 27 27 28 28 28 28 28 28 28 28 28 28 27 27 27 26 26 26 25 24 23 22 20 20 19 18 18 19 19 20 20 20 20 21 21 22 22 23 23 23 23 23 22 21 20 19 18 17 16 15 14 14 15 15 17 18 18 18 18 18 18 17 16 15 14 14 15 16 17 18 18 19 19 19 19 18 17 16 14 14 13 13 14 14 14 14 14 12 11 8
24 25 26 26 27 28 28 29 29 30 30 31 31 31 31 31 31 31 30 30 29 29 29 29 28 28 27 25 24 23 22 21 21 21 21 21 22 22 22 22 22 23 24 24 25 25 24 24 23 23 22 21 21 20 19 19 19 19 19 20 21 21 21 21 20 19 18 17 16 14 13 13 14 16 17 18 19 20 20 20 20 19 17 16 14 14 13 13 14 14 14 14 13 12 10 8
25 26 27 27 28 29 30 30 31 31 32 33 33 33 34 33 33 33 32 32 31 31 31 31 31 31 30 29 28 27 26 25 25 24 24 24 24 24 24 24 25 25 26 26 26 26 26 26 25 25 24 24 24 24 23 23 24 24 24 25 25 25 24 23 22 20 19 18 16 14 14 14 15 16 18 19 20 21 22 21 20 19 17 16 14 13 13 13 13 13 14 13 13 11 10 8
26 27 28 29 29 30 31 31 32 33 33 34 35 35 35 35 35 34 33 33 33 33 33 33 33 33 33 33 32 31 30 30 29 28 28 28 27 27 27 27 27 28 28 29 29 28 28 27 27 26 26 26 26 27 27 27 28 28 28 29 28 28 27 25 24 22 20 19 17 16 15 15 16 17 19 20 22 23 23 23 21 19 17 15 14 13 13 13 13 13 13 13 12 11 9 7
27 28 29 30 31 31 32 32 33 34 34 35 35 36 36 35 35 34 34 33 33 33 34 34 35 35 35 35 35 34 34 33 32 31 31 31 30 30 30 30 30 31 31 31 30 30 29 28 28 27 27 28 28 29 29 30 31 31 31 31 31 30 29 27 26 24 22 20 19 18 17 17 18 19 20 21 23 24 25 24 22 19 17 15 13 12 12 12 12 12 12 12 11 10 9 7
