inputs/slope.asc
ncols         404
nrows         404
xllcorner     4681261
yllcorner     2523693
cellsize      1
NODATA_value  -9999
[rows 63 to 125 of 404, columns 96 to 191 of 404]
23 22 21 20 19 18 17 16 15 14 14 13 13 12 12 13 13 14 15 15 16 17 18 21 23 26 28 30 31 32 33 32 32 32 32 32 31 31 32 32 33 34 35 36 37 38 39 38 37 35 33 31 30 30 31 32 33 34 35 35 35 34 34 34 34 35 35 35 34 34 34 33 33 34 34 34 33 33 32 31 30 30 29 28 28 26 25 22 18 14 9 5 2 2 4 6
26 25 23 21 20 18 17 16 15 14 13 13 12 12 12 12 13 13 14 14 15 16 18 20 23 26 29 30 32 32 32 32 31 31 31 31 32 32 33 34 35 36 36 37 38 39 39 38 36 34 31 29 28 29 30 32 33 34 34 34 34 34 34 34 35 35 35 35 35 34 34 33 33 33 33 33 33 32 31 30 30 29 28 28 27 25 23 21 17 12 8 4 0 3 5 7
28 26 24 22 20 19 17 16 15 14 14 13 12 12 12 12 12 12 13 13 14 15 17 20 23 26 29 31 32 32 32 31 31 30 30 31 32 33 35 35 36 37 37 38 39 39 39 38 35 32 29 28 28 29 30 32 33 34 34 34 34 34 34 34 35 35 35 35 35 34 34 33 33 33 33 32 32 31 30 30 29 28 27 26 25 24 22 19 16 11 7 3 1 3 6 8
30 28 26 23 21 20 18 17 16 15 14 13 13 12 12 12 12 12 12 12 13 15 17 20 23 27 30 32 33 33 33 32 31 30 30 31 33 34 36 37 37 37 38 38 39 39 39 37 34 31 28 27 28 29 31 32 33 34 34 34 34 34 34 35 35 35 35 35 34 34 33 33 32 32 32 31 31 30 29 29 28 27 26 25 24 23 21 18 15 10 6 2 1 4 6 8
31 29 27 25 23 21 19 18 17 16 15 14 13 12 12 12 11 11 12 12 13 14 16 20 24 28 31 33 34 34 34 32 31 31 31 32 34 35 36 37 37 37 38 38 38 39 38 36 33 30 28 27 29 30 32 33 34 34 34 34 34 34 34 35 35 35 35 34 34 33 33 32 32 31 31 30 30 29 28 28 27 26 25 24 23 22 20 17 14 10 5 2 2 5 7 9
32 31 29 27 25 23 21 20 18 17 16 15 14 13 13 12 12 12 12 12 13 15 17 20 24 29 32 34 36 36 35 34 33 32 33 33 35 36 37 37 37 37 37 37 38 38 38 36 34 31 29 29 30 31 33 34 34 34 34 34 34 34 34 34 34 34 34 34 33 33 32 32 31 31 30 29 29 28 27 26 26 25 24 23 22 21 19 16 13 9 5 2 3 5 7 9
33 32 31 29 27 25 23 22 20 19 18 16 15 14 14 13 13 13 13 14 15 16 18 22 26 30 34 36 37 37 36 35 34 34 34 34 35 35 36 36 36 36 36 36 37 37 37 36 34 32 31 31 31 33 34 34 34 34 34 34 34 34 34 34 34 34 34 33 33 32 32 31 30 30 29 28 28 27 26 25 25 24 23 22 21 20 18 15 12 8 5 3 4 6 8 10
33 33 32 31 29 28 26 25 23 22 20 19 18 17 16 15 15 15 16 16 17 19 21 24 28 32 35 37 38 38 38 37 36 35 34 34 34 34 35 35 35 35 35 36 36 36 36 36 35 34 33 32 33 33 34 34 34 34 34 34 34 34 34 34 33 33 33 33 32 31 31 30 29 29 28 27 26 26 25 24 23 23 22 21 20 19 17 14 10 7 5 3 4 6 8 10
33 33 33 32 31 30 29 27 26 25 23 22 21 20 19 19 19 19 19 20 21 22 24 27 30 34 36 38 39 39 38 37 36 35 34 33 33 33 33 34 34 35 35 35 35 36 36 36 36 35 34 34 34 34 34 34 34 34 34 34 34 34 33 33 33 33 32 32 31 31 30 29 29 28 27 26 26 25 24 23 22 22 21 20 19 17 15 12 9 6 4 4 5 7 9 11
33 33 33 33 32 31 30 29 28 27 26 25 24 23 22 22 22 23 23 24 25 26 27 29 32 35 37 38 39 39 39 38 36 34 33 32 31 31 32 32 33 34 35 35 35 36 37 37 36 36 36 35 35 35 35 35 34 34 34 34 33 33 33 33 32 32 32 31 31 30 30 29 28 27 26 26 25 24 23 22 21 21 20 19 18 16 14 11 8 6 4 4 6 7 9 11
33 33 33 33 32 32 31 30 29 29 28 27 26 25 25 25 25 26 26 27 27 28 28 30 32 34 36 38 39 39 39 37 35 33 31 29 29 29 30 31 33 34 35 35 36 36 37 37 37 37 36 36 35 35 35 35 34 34 34 33 33 33 33 32 32 32 31 31 30 30 29 28 27 27 26 25 24 23 22 21 21 20 19 18 17 15 12 10 7 5 4 5 6 8 10 11
33 33 33 32 32 31 31 30 30 29 28 28 27 27 26 27 27 28 28 28 28 28 29 29 31 33 36 37 38 39 38 37 34 31 29 27 27 27 29 31 33 34 35 36 36 37 37 37 37 37 37 36 36 35 35 35 34 34 34 33 33 33 32 32 32 31 31 30 30 29 29 28 27 26 25 24 23 22 21 20 20 19 18 17 15 14 11 8 6 5 5 5 7 8 10 11
32 32 32 32 31 31 30 30 29 28 28 27 27 26 26 27 27 28 28 28 28 28 28 29 30 32 35 37 38 38 37 35 32 29 26 25 24 26 28 31 33 35 36 36 37 37 38 38 38 38 37 37 36 36 35 35 34 34 33 33 32 32 32 32 31 31 31 30 29 29 28 27 26 25 24 23 22 21 20 19 19 18 17 16 14 12 10 7 5 4 5 6 7 9 10 11
32 32 32 31 31 30 29 29 28 27 27 26 25 25 25 26 26 27 27 27 27 27 27 27 29 31 34 36 37 37 36 34 30 27 24 22 23 25 28 31 34 35 36 37 37 38 38 38 38 38 37 37 36 36 35 34 34 33 33 32 32 32 32 31 31 31 30 30 29 29 28 27 26 25 24 23 21 20 19 19 18 17 16 15 13 11 8 6 5 4 5 6 7 9 10 11
32 32 31 31 30 29 29 28 27 26 25 24 23 23 23 23 23 24 24 25 25 25 26 26 28 30 33 35 36 36 35 32 28 25 22 21 22 25 28 32 35 37 38 38 38 39 39 39 38 38 38 37 36 36 35 34 34 33 32 32 32 31 31 31 31 31 30 30 29 28 28 27 26 25 23 22 20 19 18 18 17 16 15 13 11 9 7 5 4 4 5 6 7 9 10 11
31 31 31 30 29 29 28 27 25 24 23 21 20 20 19 20 20 21 21 22 22 23 24 25 27 29 32 34 35 35 33 30 26 23 21 20 22 25 29 33 36 38 39 39 39 39 39 39 39 38 38 37 36 35 35 34 33 33 32 31 31 31 31 31 31 30 30 29 29 28 28 27 26 24 23 21 19 18 17 17 16 15 14 12 10 8 6 4 4 4 5 6 8 9 11 12
31 30 30 30 29 28 27 26 24 23 21 19 17 16 16 16 17 17 18 18 19 21 22 24 26 28 31 32 33 33 31 28 25 22 21 21 23 27 31 35 38 39 40 40 40 40 39 39 39 38 38 37 36 35 34 33 33 32 32 31 31 31 31 31 31 30 30 29 29 28 28 27 25 23 22 20 18 17 16 16 15 14 13 11 8 6 4 4 4 4 5 7 8 10 11 12
30 30 30 29 29 28 27 25 24 22 19 17 15 14 13 14 14 14 15 16 17 19 21 23 25 28 30 31 31 31 29 27 24 22 21 22 25 29 33 36 39 40 40 40 40 40 40 39 39 38 38 37 36 35 34 33 32 32 31 31 31 31 31 31 30 30 30 29 29 28 28 26 25 23 20 18 17 16 15 15 14 13 12 10 7 5 4 4 4 5 6 8 9 11 12 12
29 30 30 29 29 28 27 26 24 21 19 16 13 12 12 12 12 12 13 14 16 18 20 22 24 27 29 30 30 29 28 26 24 22 22 24 27 31 35 38 40 41 41 41 40 40 40 39 39 38 37 36 35 34 33 32 32 31 31 30 30 30 30 30 30 30 30 30 29 28 27 26 24 21 19 17 16 15 14 14 13 12 11 8 6 4 4 4 5 6 7 9 10 12 13 13
29 29 29 29 29 29 28 26 24 22 18 15 12 11 10 10 11 11 12 13 15 18 20 22 24 26 28 29 29 29 28 26 24 24 24 26 29 33 36 39 40 41 41 41 40 40 39 39 38 38 37 36 35 34 33 32 31 31 30 30 30 30 30 30 30 30 30 30 29 28 27 25 23 20 17 16 14 14 14 13 12 11 9 7 5 4 5 5 6 7 9 10 12 13 14 14
29 29 30 30 30 29 29 27 25 22 19 15 12 10 10 10 10 10 11 13 15 18 20 22 24 26 27 28 29 29 28 27 26 25 26 28 31 34 37 39 41 41 41 41 40 40 39 39 38 37 37 36 35 33 32 31 31 30 30 30 30 30 30 30 30 30 30 30 29 28 27 24 21 18 16 14 13 13 13 12 11 10 8 7 5 5 6 7 7 9 10 12 13 14 14 14
29 30 30 30 31 31 30 29 26 23 19 15 12 10 10 10 10 10 11 13 15 18 20 23 24 26 27 28 29 29 28 27 26 26 27 29 32 35 38 40 41 41 41 41 40 40 39 38 38 37 36 35 34 33 32 31 30 30 30 30 30 30 30 30 30 30 30 29 29 28 26 23 20 17 15 13 13 12 12 11 10 9 7 6 6 7 7 8 9 10 11 13 14 14 14 14
29 30 31 31 32 32 31 30 28 25 20 16 13 11 10 10 10 11 11 13 15 18 21 23 25 27 28 28 29 29 29 28 27 26 27 29 32 36 38 40 41 42 41 41 40 39 39 38 37 37 36 35 34 33 32 31 30 30 29 29 29 30 30 30 30 30 29 29 28 27 25 22 19 16 14 13 12 12 11 10 9 8 7 7 7 8 8 9 10 11 12 13 14 14 14 14
29 30 31 32 33 33 33 32 30 26 22 17 13 11 11 11 11 11 12 13 15 18 21 23 25 27 28 29 29 29 29 27 26 26 27 29 32 36 39 41 42 42 42 41 40 39 39 38 37 36 36 35 34 33 32 31 30 29 29 29 29 30 30 30 29 29 29 28 27 26 24 21 18 15 13 12 11 11 10 9 8 7 7 7 8 8 9 10 11 12 13 13 14 14 13 13
29 31 32 33 34 34 34 33 31 28 23 18 14 12 12 12 12 12 12 13 16 18 21 24 26 27 28 29 29 29 28 27 26 25 26 29 33 37 40 42 43 43 42 41 40 39 38 37 37 36 35 34 33 33 32 31 30 29 29 29 29 29 30 29 29 29 28 27 26 25 23 20 17 15 13 12 11 10 9 8 7 7 7 8 9 9 10 11 11 12 13 13 13 13 13 12
29 31 32 33 34 35 35 35 33 30 25 20 16 13 13 13 13 13 13 14 16 19 22 24 26 28 29 29 29 29 28 27 25 25 27 30 35 39 42 44 44 44 43 42 40 39 38 37 36 36 35 34 33 32 31 30 29 29 28 29 29 29 29 29 28 28 27 26 25 24 22 19 17 15 13 12 11 9 8 7 6 6 7 8 9 10 11 11 12 12 13 13 13 12 12 12
28 30 32 34 35 36 36 36 34 31 27 22 18 15 14 14 14 14 15 16 17 20 22 24 26 28 28 29 29 29 28 27 26 26 28 32 37 41 44 45 45 45 44 42 40 39 38 37 36 35 35 34 33 32 31 30 29 29 28 28 29 29 29 28 28 27 26 25 24 22 21 19 16 15 13 11 10 9 7 6 6 6 8 9 10 11 11 12 12 13 13 13 12 12 12 12
28 30 32 33 35 36 36 36 35 33 29 24 20 17 16 16 16 16 17 18 19 21 23 25 26 27 28 29 29 29 28 27 27 28 31 35 39 43 46 47 47 46 44 42 40 39 37 36 35 35 34 33 33 32 31 30 29 29 28 28 28 29 28 28 27 26 25 24 23 21 20 18 16 14 13 11 9 8 6 5 6 7 9 10 11 11 12 12 12 13 13 12 12 12 12 12
28 30 32 33 35 36 37 37 36 34 31 26 22 19 18 18 18 18 19 20 21 22 24 25 26 27 28 29 29 30 30 29 29 31 34 38 42 45 47 48 47 46 45 42 40 37 36 35 34 34 33 33 32 32 31 30 29 29 28 28 28 28 28 27 26 25 24 23 22 21 19 18 16 14 12 10 8 6 5 5 6 8 9 11 11 12 12 13 13 13 13 13 12 12 12 12
28 30 31 33 35 36 37 37 37 35 32 29 25 22 21 20 20 20 21 22 23 24 24 25 26 27 28 29 31 31 32 32 33 34 37 41 44 46 48 48 47 46 44 41 38 36 34 33 33 33 33 32 32 31 31 30 29 28 28 28 28 27 27 26 25 24 23 22 21 20 19 17 16 14 11 9 7 5 5 6 7 9 10 11 12 12 13 13 13 13 13 13 12 12 12 12
28 30 31 33 34 36 37 37 37 36 34 31 28 25 23 23 22 22 23 23 24 25 25 26 26 27 29 31 32 33 34 35 36 37 40 42 45 47 48 48 47 45 42 39 36 33 32 32 32 32 32 32 32 31 30 30 29 28 28 27 27 27 26 25 24 23 22 21 20 19 18 17 15 13 10 8 6 5 5 7 8 10 11 12 12 13 13 13 14 14 14 13 13 12 12 13
28 30 31 33 34 36 36 37 37 36 35 33 30 28 26 25 24 24 24 24 25 25 26 27 28 29 31 33 34 36 37 37 38 39 41 43 45 46 47 47 45 43 40 36 33 31 30 31 31 32 32 31 31 31 30 29 28 28 27 27 26 26 25 24 23 23 22 20 19 18 17 16 14 12 9 7 5 6 7 8 10 11 12 12 12 13 13 14 14 14 14 14 14 13 13 13
29 30 31 33 34 35 36 37 37 36 35 34 32 29 27 26 25 24 24 24 25 26 27 28 29 31 33 35 37 38 39 39 40 41 42 43 44 45 46 45 44 41 38 34 31 30 30 30 31 31 31 31 31 30 30 29 28 27 27 26 25 25 24 23 23 22 21 19 18 17 16 14 12 10 8 6 6 7 8 9 11 12 12 13 13 13 14 14 15 15 15 15 15 15 15 15
29 30 31 33 34 35 36 36 36 36 35 34 32 30 28 26 25 24 24 24 25 26 27 29 31 33 36 37 39 39 40 40 40 41 42 43 43 44 44 43 42 39 36 33 31 30 30 30 31 31 31 31 31 30 30 29 28 27 26 25 25 24 23 23 22 21 20 19 17 16 14 13 11 9 7 7 7 8 9 10 11 12 13 13 13 14 14 15 16 16 16 17 17 17 17 17
29 30 31 32 34 35 35 36 36 36 35 34 32 30 27 25 24 23 23 24 25 27 29 31 33 35 37 39 39 40 40 40 40 41 41 42 42 42 42 41 40 38 35 32 31 30 30 31 31 31 31 31 31 30 29 28 27 26 26 25 24 23 22 22 21 20 19 17 16 14 13 11 9 8 7 7 7 9 10 11 12 13 13 13 14 14 15 16 17 17 18 18 19 19 20 20
29 30 31 32 33 34 35 35 35 35 35 33 32 29 27 24 23 22 23 24 25 28 30 33 35 37 38 39 40 40 40 39 40 40 40 41 41 41 41 40 38 36 34 32 31 30 31 31 31 31 31 31 31 30 29 28 27 26 25 24 23 22 22 21 20 19 18 16 15 13 11 9 7 6 6 6 7 9 10 11 12 13 13 14 15 15 16 17 18 19 19 20 21 21 22 23
28 29 30 31 32 33 34 34 34 34 34 33 31 29 27 24 23 23 23 25 27 30 32 35 37 38 39 39 39 39 39 39 39 39 39 39 40 40 39 38 37 35 33 32 31 31 31 31 31 32 31 31 30 30 29 27 26 25 24 23 22 21 21 20 19 18 17 15 13 11 9 7 6 5 5 6 7 9 10 11 12 13 14 14 15 16 17 18 19 20 21 22 23 23 24 26
28 29 30 31 31 32 32 33 33 34 34 33 32 30 28 26 25 25 26 28 30 33 35 37 38 39 39 39 39 38 38 38 38 38 38 38 39 39 38 37 36 34 33 32 31 31 32 32 32 32 31 31 30 29 28 27 25 24 23 22 21 20 20 19 18 17 15 14 12 10 8 6 5 4 5 6 7 9 10 11 12 13 14 15 16 17 18 19 20 21 22 23 24 25 26 27
28 29 29 30 30 31 31 32 32 33 34 34 33 32 31 29 28 29 30 32 34 36 38 39 39 39 39 39 38 37 37 37 37 37 37 37 37 37 37 36 34 33 32 32 32 32 32 32 32 32 31 31 30 29 27 26 24 23 22 21 20 19 19 18 17 15 14 13 11 9 7 5 4 4 4 5 7 9 10 11 12 13 14 15 16 18 19 20 21 23 24 25 25 26 27 28
28 29 29 29 29 29 30 30 31 33 34 35 35 35 34 34 33 34 35 36 38 39 40 40 40 39 39 38 37 37 36 36 36 36 36 36 36 36 35 34 33 32 32 32 32 32 32 32 32 32 31 30 29 28 26 25 23 22 21 20 20 19 18 16 15 14 13 11 10 8 6 4 3 3 3 5 7 9 10 11 12 13 14 15 17 18 20 21 22 24 24 25 26 26 27 27
28 29 29 29 29 28 28 29 30 32 34 36 37 37 38 38 38 38 39 40 41 41 41 41 40 39 39 38 37 36 36 35 35 35 34 34 34 34 34 33 33 32 32 32 33 33 33 32 32 32 31 30 28 27 25 24 22 21 21 20 19 18 17 15 14 13 12 10 9 7 5 4 2 2 3 5 7 9 10 11 12 13 14 15 17 19 20 22 23 24 25 25 25 26 26 27
29 29 29 29 28 28 27 28 30 32 34 36 38 39 40 41 41 42 42 42 42 42 41 41 40 39 38 37 37 36 36 35 34 33 33 32 32 33 33 33 32 32 33 33 33 33 33 33 32 32 31 29 27 26 24 23 22 21 20 19 18 17 16 14 13 12 11 9 8 7 5 3 2 1 3 5 7 9 11 12 12 13 14 16 17 19 20 22 23 24 24 24 24 24 25 26
29 30 30 30 29 28 27 28 30 32 34 36 38 40 41 42 42 43 43 43 42 42 41 40 39 38 38 37 37 36 36 35 34 32 31 30 30 31 32 33 33 33 34 34 34 34 33 33 32 31 30 28 26 24 23 22 21 20 20 19 18 16 15 13 12 11 10 9 7 6 5 3 1 1 3 5 8 10 11 12 13 14 15 16 18 19 20 22 23 23 23 22 22 22 23 24
30 31 31 31 30 29 29 29 31 33 35 37 38 39 40 41 42 42 42 42 41 40 39 38 38 37 37 37 37 36 36 35 33 32 30 29 29 31 32 34 34 35 35 34 34 34 33 32 31 30 29 27 25 23 21 20 20 20 19 18 17 15 14 12 11 10 9 8 7 6 4 3 1 1 3 5 8 10 12 13 13 14 15 16 18 19 20 21 22 22 22 21 20 20 22 23
31 32 33 32 32 31 31 32 33 34 35 37 38 39 39 40 40 40 40 40 39 38 37 37 36 36 37 37 36 36 36 35 33 32 30 29 29 31 33 35 36 36 36 35 34 34 33 32 31 30 28 26 24 22 20 19 19 19 19 18 16 15 13 12 11 10 9 8 7 5 4 3 1 2 3 6 9 11 12 13 14 15 15 16 18 19 20 21 21 21 21 20 19 19 21 22
32 33 34 34 33 33 34 35 35 36 36 37 37 38 38 38 38 38 37 37 36 35 35 35 35 36 36 36 36 36 36 35 33 32 31 30 31 32 34 36 37 37 36 35 34 33 32 31 30 28 27 24 22 20 19 18 18 18 18 17 16 14 13 12 10 10 9 8 7 6 4 3 2 2 4 7 9 12 13 14 15 15 16 17 18 19 20 20 21 21 21 20 19 20 21 22
32 34 35 35 35 36 36 37 37 37 37 37 37 37 36 36 35 35 34 33 33 32 32 33 34 35 36 36 36 36 36 35 34 32 32 31 32 34 36 37 38 37 37 35 34 33 32 30 29 27 25 23 21 19 18 18 17 18 17 17 16 14 13 12 11 10 9 8 7 6 5 4 3 4 5 7 10 12 14 15 15 16 16 17 17 18 19 20 21 21 21 21 21 21 22 23
33 34 36 36 37 37 38 38 38 38 38 37 37 36 35 34 32 31 30 29 29 29 30 32 33 35 36 36 36 36 36 35 33 33 32 32 33 35 37 38 38 38 37 35 34 33 31 29 28 26 24 22 20 18 17 17 17 17 17 17 16 15 14 12 11 10 10 9 8 7 6 5 5 5 6 8 11 13 15 16 16 16 17 17 17 18 19 20 21 22 22 22 22 22 23 24
32 34 36 37 38 38 39 39 39 39 38 38 37 36 34 32 30 28 27 26 26 27 29 32 34 35 36 37 37 36 35 34 33 32 32 33 34 36 37 38 38 37 36 35 34 32 30 29 27 25 23 20 19 17 16 15 16 16 17 17 16 16 15 14 12 12 11 10 9 8 8 7 7 7 8 10 12 15 16 17 17 17 17 17 18 18 19 20 22 23 23 23 23 24 24 25
31 34 36 37 38 39 39 39 39 39 39 38 38 36 35 33 30 28 26 25 26 28 30 33 35 37 37 37 37 36 35 34 33 32 32 33 34 36 37 38 38 37 36 35 33 32 30 28 26 24 22 19 17 16 15 14 15 15 16 17 17 17 16 15 14 13 12 11 11 10 9 8 8 8 9 11 14 16 18 19 18 18 18 17 18 19 20 21 22 23 24 24 24 25 25 26
29 32 34 36 38 38 39 39 39 39 39 39 39 38 36 34 32 30 29 28 28 30 33 35 37 38 38 38 37 36 35 34 33 32 32 33 34 36 37 38 38 37 36 35 33 31 30 28 26 23 21 19 17 15 14 13 14 15 17 18 19 19 18 17 16 15 14 13 12 11 10 10 9 9 10 12 15 18 20 20 19 19 18 18 18 19 20 22 23 24 25 25 25 26 26 26
26 29 32 34 36 37 38 38 39 39 39 40 40 39 39 38 36 35 33 33 33 35 37 38 39 40 39 39 38 36 35 34 33 33 33 34 35 36 37 38 37 37 36 34 33 31 30 28 25 23 21 18 16 14 13 13 14 16 18 19 20 21 20 19 18 16 15 14 13 12 11 10 10 10 11 14 18 20 22 21 20 19 18 18 18 19 21 22 23 24 25 26 26 27 27 27
24 27 30 33 35 36 37 38 38 39 39 40 40 41 41 41 40 40 39 38 39 39 40 41 41 41 40 39 38 37 36 35 35 34 35 35 36 37 38 38 38 37 36 34 33 31 30 28 25 23 20 18 16 14 14 14 15 17 19 21 22 23 22 21 19 18 17 15 14 12 11 10 10 10 13 16 20 22 23 22 21 19 18 18 19 20 21 23 24 25 26 26 27 27 27 27
23 26 29 32 34 35 36 37 38 39 39 40 41 42 42 43 43 43 43 43 43 43 43 43 42 42 41 40 39 38 37 36 36 36 37 37 38 38 39 38 38 37 36 35 33 32 30 28 26 23 21 18 16 15 15 16 17 20 22 24 24 24 24 22 21 19 17 15 13 12 10 9 10 11 14 18 22 24 24 23 21 19 18 18 19 20 22 23 24 25 26 27 27 28 28 27
24 27 29 32 33 35 35 36 37 38 39 40 41 42 43 44 44 45 45 45 45 44 44 44 43 42 41 40 39 38 38 38 38 38 38 39 39 39 39 39 38 37 36 35 33 32 30 28 26 24 21 19 17 17 17 18 20 22 24 25 26 26 25 23 21 19 17 14 12 10 9 9 10 13 16 20 23 25 25 23 20 18 17 18 19 21 22 24 25 26 26 27 28 28 28 27
27 29 31 32 33 34 35 36 36 37 38 39 40 41 43 44 44 45 45 46 45 45 44 44 43 42 41 40 40 39 39 39 39 39 39 40 40 40 40 39 38 37 36 35 33 32 30 28 26 24 22 20 19 18 19 21 23 24 26 27 27 26 25 23 21 18 15 12 10 9 8 9 11 14 18 21 24 25 24 22 20 18 17 18 19 21 23 24 25 26 27 27 28 28 28 27
30 32 32 33 34 34 34 35 36 36 37 38 39 40 41 42 43 44 45 45 45 45 44 44 43 42 41 40 40 39 39 39 39 40 40 40 40 40 40 39 38 37 36 35 33 32 30 28 26 24 22 21 20 20 21 23 25 26 27 27 27 26 24 22 19 16 13 10 9 8 9 10 13 15 18 21 24 25 24 22 19 18 18 19 20 22 23 25 26 26 27 27 28 28 28 27
33 34 34 34 34 34 34 34 35 35 36 37 38 39 40 41 42 43 43 44 44 44 44 43 43 42 41 40 40 39 39 39 39 40 40 40 40 40 39 38 37 36 35 34 32 31 29 27 25 23 22 21 21 21 23 24 26 27 27 27 26 25 23 21 17 14 11 9 8 9 10 12 14 16 19 21 23 24 23 21 19 18 18 19 21 23 24 25 26 27 27 28 28 28 28 26
35 35 35 34 34 33 33 33 34 34 35 36 36 37 38 39 40 41 42 42 43 43 43 42 42 41 40 39 39 39 38 39 39 39 40 40 40 39 38 37 36 35 34 32 31 29 26 24 22 21 21 21 21 22 24 25 26 27 27 26 26 24 22 19 15 12 9 8 8 10 11 13 15 17 19 21 22 23 22 21 19 19 19 20 21 23 25 26 27 28 28 28 28 28 28 26
36 35 35 34 33 32 32 32 32 33 33 34 35 35 36 37 38 39 40 41 41 41 41 41 40 40 39 38 38 38 38 38 38 39 39 39 39 38 37 36 35 33 32 30 28 25 23 21 19 19 19 20 21 23 24 26 26 27 27 26 25 23 21 17 14 10 8 8 9 11 13 14 16 17 19 20 21 21 21 20 19 19 19 20 22 24 25 27 27 28 28 29 29 29 28 25
36 35 34 33 32 31 30 30 30 31 31 32 33 33 34 35 36 37 38 39 39 40 39 39 38 38 37 37 36 36 36 37 37 38 38 38 38 37 36 34 33 31 29 27 24 21 19 17 16 16 18 19 21 23 25 26 27 27 26 25 24 22 20 16 13 10 8 9 11 12 14 15 16 18 19 20 20 20 20 19 19 19 20 21 22 24 26 27 28 29 29 29 30 29 28 25
35 34 33 31 30 29 29 29 29 29 29 30 31 31 32 33 34 35 36 37 37 38 37 37 36 36 35 35 35 35 35 36 36 37 37 37 37 36 34 32 30 28 26 23 20 18 16 14 14 15 17 19 22 24 25 26 27 27 26 25 24 22 19 16 12 10 10 11 12 14 15 16 17 18 19 19 19 19 19 19 19 19 20 21 23 24 26 27 28 29 30 30 30 30 29 26
34 33 31 30 29 28 27 27 27 27 28 28 29 29 30 31 32 32 33 34 35 35 35 34 34 33 33 33 33 33 34 34 35 35 36 35 35 33 32 30 28 25 23 20 18 15 14 14 14 16 18 20 23 25 26 26 27 26 26 25 23 21 18 15 12 11 11 12 14 15 16 16 17 18 18 18 19 19 19 19 19 20 20 21 23 24 26 27 28 29 30 31 31 31 29 26
