inputs/slope.asc
ncols         404
nrows         404
xllcorner     4681261
yllcorner     2523693
cellsize      1
NODATA_value  -9999
[rows 252 to 314 of 404, columns 288 to 383 of 404]
14 16 18 20 22 24 25 25 25 25 24 24 23 23 23 23 23 23 22 22 21 21 21 21 21 21 21 21 21 20 19 17 14 12 11 10 9 9 9 8 7 6 6 7 8 10 11 12 12 12 12 12 12 12 12 12 11 11 10 9 9 9 10 10 10 10 10 9 9 9 9 9 9 10 10 11 11 11 11 11 10 9 9 8 7 7 7 7 7 7 8 8 9 11 12 14
17 18 20 22 24 25 26 26 26 25 25 24 24 24 24 24 24 23 23 22 22 21 21 21 21 21 21 20 20 19 18 16 14 12 10 10 9 9 9 8 7 6 6 7 9 11 13 13 14 14 13 13 13 13 13 12 12 11 10 9 9 10 10 10 10 10 10 10 10 10 10 10 10 10 11 11 11 11 11 11 10 9 8 8 7 7 7 7 7 8 8 9 10 11 12 13
19 20 22 24 25 26 26 26 26 25 25 25 25 25 25 25 25 24 23 23 22 22 21 21 21 21 21 20 20 19 17 15 13 11 10 9 9 9 8 8 7 6 7 9 11 13 14 15 15 15 15 14 14 14 13 13 12 11 10 10 10 10 11 11 11 11 11 10 10 10 10 10 11 11 11 11 11 11 11 10 10 9 8 7 7 7 7 7 7 8 8 9 10 11 11 12
21 22 23 24 25 26 26 26 26 26 26 26 26 26 26 26 25 25 24 23 23 22 22 21 21 21 21 20 20 19 17 15 13 11 10 9 9 9 8 8 7 7 8 11 13 15 16 17 16 16 16 15 15 14 14 13 12 12 11 11 11 11 11 12 11 11 11 11 11 11 11 11 11 11 11 11 11 11 11 10 9 8 8 7 7 7 7 7 7 8 8 9 10 10 11 11
22 23 24 25 26 26 26 26 26 26 27 27 27 28 28 27 27 26 25 24 23 23 22 22 22 21 21 20 20 19 17 15 13 12 10 10 9 9 8 8 8 9 11 13 15 17 18 18 18 17 17 16 16 15 14 13 13 12 12 12 12 12 12 12 12 12 12 12 12 12 11 11 11 11 11 11 11 11 10 9 9 8 7 7 7 7 7 7 7 8 8 9 10 10 11 11
23 24 25 25 26 26 27 27 27 27 28 28 29 29 29 28 27 26 25 24 24 23 23 22 22 22 21 21 20 19 17 16 14 12 11 10 10 10 9 9 10 11 13 16 18 19 20 19 19 18 17 16 16 15 14 13 13 12 12 12 13 13 13 13 13 13 13 13 12 12 12 12 12 11 11 11 11 10 10 9 8 7 7 7 7 7 7 7 7 8 8 9 9 10 10 10
24 25 25 26 26 27 27 27 28 28 29 29 30 30 30 29 28 27 25 24 23 23 23 22 22 22 22 21 20 19 18 16 15 13 12 12 11 11 11 12 13 14 16 18 20 21 21 20 19 18 17 16 15 14 14 13 13 12 12 13 13 13 13 13 13 14 14 14 13 13 13 12 12 11 11 11 10 10 9 9 8 7 7 7 7 7 7 7 7 8 8 9 9 9 10 10
25 25 25 26 26 27 27 28 28 29 30 30 31 31 30 29 28 26 25 24 23 22 22 22 22 22 22 21 21 19 18 17 16 15 14 14 13 13 14 14 15 17 19 20 21 22 21 20 19 18 17 15 14 14 13 13 12 12 12 13 13 13 14 14 14 14 15 15 15 14 14 13 12 12 11 10 10 10 9 8 8 7 7 7 7 7 7 7 7 8 8 8 9 9 9 9
25 25 25 25 26 26 27 28 29 30 30 31 31 31 30 29 27 25 24 23 22 22 22 22 22 22 22 21 21 20 18 17 16 16 15 15 16 16 16 17 18 19 21 22 22 22 21 20 18 17 16 14 14 13 12 12 12 12 12 12 13 13 14 14 15 15 15 16 15 15 14 13 13 12 11 10 10 9 9 8 8 7 7 7 7 7 7 7 7 8 8 8 9 9 9 9
24 24 24 24 25 26 27 28 29 30 31 31 31 30 29 27 25 23 22 21 21 20 21 21 22 22 22 21 20 19 18 17 17 17 17 17 17 18 18 19 20 21 21 22 22 21 20 19 17 16 14 13 13 12 12 12 12 12 12 12 13 13 14 15 15 16 16 16 16 15 14 13 13 12 11 10 10 9 9 8 8 7 7 7 7 7 7 7 8 8 8 8 8 8 9 9
23 22 21 22 23 25 26 27 28 29 30 30 29 28 26 24 22 21 20 19 19 19 20 20 21 21 21 20 20 19 18 18 17 17 17 18 18 19 19 20 20 21 21 21 21 20 19 17 15 14 13 12 12 12 12 12 12 12 12 12 13 13 14 15 15 16 16 16 15 15 14 13 12 11 11 10 9 9 9 8 8 7 7 7 7 7 7 7 8 8 8 8 8 8 8 8
20 19 19 20 22 24 26 27 28 29 29 28 27 26 23 21 20 18 18 18 18 18 19 20 20 21 20 20 19 19 18 18 17 18 18 18 19 19 20 20 20 21 21 20 20 18 17 15 14 13 12 12 12 12 12 12 12 12 12 12 13 13 14 15 15 15 15 15 14 13 13 12 11 11 10 10 9 9 9 8 7 7 7 7 7 7 7 7 7 8 8 8 8 8 8 8
18 17 17 19 21 24 26 28 28 28 28 26 25 23 20 19 17 17 16 17 17 18 19 20 20 21 20 20 19 18 18 18 17 18 18 19 19 19 20 20 20 20 20 19 18 17 15 14 13 12 12 11 11 11 11 11 12 12 12 12 13 13 14 14 15 15 14 13 13 12 11 11 10 10 10 10 9 9 8 8 7 7 6 6 6 7 7 7 7 7 7 7 7 8 8 8
16 16 17 19 22 25 27 28 28 28 26 24 22 20 18 17 16 16 16 16 17 18 19 20 21 21 20 20 19 18 18 17 17 18 18 18 19 19 19 19 19 19 18 17 16 15 14 13 12 12 11 11 11 11 11 11 11 11 12 12 12 13 13 14 14 14 13 12 11 10 10 9 9 9 9 9 9 8 8 7 6 6 6 6 6 6 6 7 7 7 7 7 7 7 7 7
16 16 18 20 24 27 29 29 29 27 25 23 20 18 16 15 15 15 16 17 17 18 19 20 21 21 21 20 19 18 18 17 17 17 18 18 18 18 18 18 18 17 17 16 15 14 13 12 12 11 11 11 11 11 11 11 11 11 11 11 12 12 13 13 13 13 12 11 10 9 9 8 8 8 8 8 7 7 6 6 5 5 5 5 6 6 6 6 6 6 7 7 7 7 7 7
17 18 20 23 26 29 30 30 29 27 24 21 19 17 15 15 15 15 16 17 18 19 20 21 21 21 21 19 18 18 17 17 17 17 17 17 17 17 17 17 16 16 15 15 14 13 13 12 12 11 11 11 11 11 11 11 11 11 11 11 11 12 12 12 12 12 11 10 9 8 8 7 7 7 6 6 6 5 5 5 5 5 5 5 5 5 6 6 6 6 6 6 6 6 7 7
20 21 24 27 29 31 31 31 29 26 23 20 18 16 15 15 16 16 17 18 18 19 20 21 21 21 20 19 18 17 17 17 16 16 16 16 16 16 15 15 15 14 14 14 13 13 13 12 12 11 11 11 11 11 11 10 10 10 10 11 11 11 11 11 11 11 10 9 8 8 7 7 6 5 5 4 4 4 4 4 4 5 5 5 5 5 5 5 5 6 6 6 6 6 6 6
24 26 28 30 32 33 33 31 29 26 23 20 18 17 16 16 17 17 18 18 19 20 20 21 21 20 19 18 17 16 16 16 16 16 15 15 15 14 14 14 14 13 13 13 13 13 12 12 12 11 11 11 11 10 10 10 10 10 10 10 10 11 11 11 10 10 9 9 8 8 7 6 5 4 3 3 3 3 3 4 4 5 5 5 5 5 5 5 5 5 5 6 6 6 6 6
28 30 32 33 34 35 34 32 29 27 24 21 19 18 18 18 18 19 19 19 19 20 20 20 20 19 18 16 15 15 15 15 15 15 14 14 14 13 13 13 13 13 13 13 13 13 12 12 12 11 11 11 10 10 10 10 10 10 10 10 10 10 10 10 9 9 8 8 8 8 7 6 5 4 3 2 2 2 3 4 5 5 5 5 5 5 5 5 5 5 5 5 6 6 6 6
32 33 35 36 36 36 34 32 30 27 25 23 21 20 20 20 20 20 20 20 20 20 20 19 19 18 16 15 14 13 14 14 14 14 14 13 13 13 12 12 12 12 12 12 12 12 12 12 11 11 11 10 10 10 10 9 9 9 9 9 9 10 9 9 9 8 8 8 8 7 7 6 5 3 2 2 2 3 4 4 5 6 6 6 5 5 5 5 5 5 5 5 5 5 6 6
36 36 37 37 37 36 34 32 30 28 26 24 23 22 22 22 22 22 21 21 20 20 19 18 17 16 15 13 13 13 13 13 13 14 13 13 13 12 12 12 12 12 12 12 12 12 12 11 11 11 10 10 10 9 9 9 9 9 9 9 9 9 9 8 8 8 7 7 7 7 7 6 4 3 2 2 3 3 4 5 6 6 6 6 5 5 5 5 5 5 5 5 5 5 5 5
38 38 37 37 36 35 33 31 29 27 26 25 25 24 24 23 23 23 22 21 20 19 18 17 16 15 13 13 12 12 12 13 13 13 13 13 12 12 12 12 11 11 11 11 11 11 11 11 10 10 10 10 9 9 9 9 9 9 9 9 9 8 8 8 7 7 7 7 7 7 6 5 4 3 2 3 3 4 5 6 6 6 6 6 5 5 5 5 5 5 5 5 5 5 5 5
39 38 37 36 34 33 31 29 27 26 25 25 25 25 25 24 24 23 22 21 20 18 17 16 15 14 13 12 12 12 12 12 13 13 13 13 12 12 12 11 11 11 11 11 11 10 10 10 9 9 9 9 9 9 9 9 9 9 8 8 8 8 7 7 7 7 7 7 7 6 6 5 4 3 3 3 4 5 6 6 6 6 6 6 5 5 5 5 5 5 5 5 5 5 5 5
40 38 36 34 32 30 28 26 25 24 24 24 24 25 24 24 23 22 21 20 18 17 16 15 13 13 12 12 12 12 12 12 12 12 12 12 12 12 11 11 11 10 10 10 10 9 9 9 9 9 9 9 9 9 9 9 9 8 8 8 7 7 6 6 6 6 6 6 6 6 6 5 4 4 4 4 5 6 6 6 7 6 6 6 5 5 5 5 5 5 5 5 5 5 5 5
38 36 33 30 28 26 25 23 23 22 22 23 23 23 23 22 21 20 19 18 17 15 14 13 13 12 12 11 11 12 12 12 12 12 12 12 12 12 11 11 10 10 9 9 9 9 8 8 8 8 8 9 9 9 9 9 8 8 8 7 7 6 6 6 6 6 6 6 6 6 6 5 4 4 4 5 6 6 7 7 7 7 6 6 5 5 5 5 5 5 5 5 5 5 5 5
36 32 29 27 24 23 22 21 21 21 21 21 20 20 20 19 19 18 17 16 15 14 13 12 12 12 11 11 11 11 11 11 11 11 11 11 11 11 11 10 10 9 9 8 8 8 8 8 8 8 8 8 8 8 8 8 8 8 7 6 6 5 5 5 5 5 6 6 6 6 5 5 5 5 5 6 6 7 7 7 7 7 6 6 5 5 5 5 5 5 5 5 5 5 5 5
31 28 25 23 21 20 20 19 19 19 19 18 17 17 16 16 15 15 14 14 13 13 12 12 12 11 11 11 11 11 11 11 11 11 11 11 11 11 11 10 10 9 8 8 8 8 8 8 8 8 8 8 8 8 8 8 7 7 6 6 5 5 5 5 5 5 5 5 5 6 5 5 5 5 6 6 6 7 7 7 7 7 6 6 5 5 5 5 5 5 5 5 5 5 5 5
26 23 21 19 18 18 18 18 18 18 17 16 15 14 13 13 13 13 12 12 12 12 11 11 11 11 11 11 11 11 11 11 11 10 10 10 10 10 10 10 9 9 8 8 8 8 8 8 8 8 8 8 8 8 7 7 6 6 6 5 5 5 5 5 5 5 5 5 5 5 6 6 6 6 6 7 7 7 7 7 7 7 6 6 5 5 5 5 5 5 5 5 5 5 5 5
22 19 17 17 16 17 17 17 17 17 16 14 13 12 11 11 11 11 11 11 11 11 11 11 11 11 11 11 11 11 11 11 11 11 10 10 10 10 10 10 10 9 9 8 8 8 8 8 8 8 8 8 7 7 7 6 6 5 5 5 5 5 5 5 5 5 5 5 5 5 6 6 6 7 7 7 7 7 7 7 7 7 6 6 5 5 5 5 5 5 5 5 5 5 5 5
18 16 15 15 15 16 16 16 16 15 14 13 12 11 11 11 11 11 11 11 11 11 11 11 11 11 11 11 11 11 11 11 11 11 11 10 10 10 10 10 10 9 9 9 8 8 8 8 8 8 8 7 7 7 6 6 5 5 5 5 5 5 5 5 5 5 5 5 5 5 6 6 7 7 7 7 7 7 7 7 7 7 6 6 5 5 5 5 5 5 5 5 5 5 5 4
16 15 14 14 15 15 15 15 15 15 14 12 11 11 11 11 11 11 11 10 10 10 10 11 11 11 11 11 11 12 12 11 11 11 11 10 10 10 10 10 9 9 9 9 9 8 8 8 8 8 7 7 7 6 6 5 5 5 5 5 5 5 5 5 5 5 5 5 5 5 6 7 7 8 8 8 8 7 7 7 7 7 6 6 5 5 5 5 5 5 5 5 5 5 4 4
14 14 14 14 14 14 15 15 15 14 13 12 12 11 11 11 11 11 11 10 10 10 10 10 10 11 11 11 11 12 12 12 12 11 11 10 10 10 10 9 9 9 9 9 9 9 8 8 8 8 7 7 6 6 5 5 5 5 5 5 5 5 5 5 5 5 5 5 5 6 6 7 8 8 9 8 8 8 7 7 7 7 6 6 5 5 5 5 5 5 5 5 4 4 4 3
14 14 13 14 14 14 14 14 14 14 13 13 12 12 12 11 11 11 11 11 10 10 10 10 10 11 11 11 12 12 12 12 12 11 11 10 10 9 9 9 9 9 9 9 8 8 8 8 8 7 7 6 6 5 5 5 5 5 5 5 5 5 5 5 5 5 5 5 5 6 7 8 8 9 9 9 8 8 8 7 7 7 6 6 5 5 5 5 5 5 5 4 4 3 3 2
14 13 13 13 14 14 14 14 14 14 13 13 13 12 12 12 11 11 11 11 10 10 10 10 10 11 11 12 12 12 12 12 11 11 10 9 9 8 8 8 8 8 8 8 8 8 8 7 7 7 6 6 6 5 5 5 5 5 5 5 5 5 5 5 5 5 5 5 5 6 7 8 9 9 9 9 9 8 8 7 7 7 6 6 5 5 5 5 5 4 4 4 3 3 2 2
14 14 13 13 13 14 14 14 14 14 13 13 13 13 12 12 12 11 11 11 11 11 10 11 11 12 12 12 12 12 12 11 10 9 8 8 7 6 6 6 6 6 6 7 7 7 7 7 6 6 6 5 5 5 5 5 5 5 5 5 5 5 5 5 5 5 5 5 6 7 7 8 9 10 10 9 9 9 8 8 7 7 6 6 5 5 5 4 4 4 3 3 2 2 1 1
14 14 14 13 13 13 13 13 13 14 13 13 13 13 13 12 12 11 11 11 11 11 11 12 12 13 13 13 12 12 11 10 9 8 7 6 5 4 4 4 4 5 5 5 5 5 6 6 6 5 5 5 5 5 5 5 5 5 5 5 5 5 5 5 5 5 5 6 6 7 8 9 10 10 10 10 9 9 8 8 8 7 6 6 5 5 4 4 4 3 3 2 2 1 1 1
14 14 14 13 13 13 13 13 13 13 13 13 13 13 13 12 12 11 11 11 11 11 12 12 13 13 13 13 12 11 10 8 7 6 5 4 3 3 3 3 3 3 3 4 4 4 5 5 5 5 5 5 5 5 5 5 5 5 5 5 5 5 5 5 5 5 6 6 7 8 8 9 10 10 10 10 10 9 9 8 8 7 6 5 5 4 4 3 3 2 2 1 1 1 0 0
15 14 14 13 13 13 13 13 13 13 13 13 13 13 12 11 11 11 11 11 11 12 12 13 13 13 13 12 11 9 8 6 5 4 3 2 2 1 1 1 1 2 2 3 3 4 4 4 4 4 5 5 5 5 5 5 5 5 5 5 5 5 5 5 6 6 6 7 8 8 9 9 10 10 10 10 10 9 9 8 7 6 5 5 4 3 3 2 2 2 1 1 1 0 0 0
15 14 13 13 12 12 12 12 13 13 13 13 13 12 11 10 10 10 10 10 10 11 12 12 13 12 11 10 8 7 6 4 3 2 2 1 1 1 1 1 1 1 2 2 3 3 4 4 4 4 4 4 5 5 5 5 5 5 5 5 5 5 5 6 6 6 7 7 8 8 9 9 10 10 10 10 10 9 8 7 6 5 4 4 3 2 2 2 1 1 1 0 0 0 0 0
16 15 13 12 12 12 12 12 12 12 12 12 12 11 10 9 9 9 9 9 10 10 11 11 11 10 9 7 6 4 3 3 2 1 1 0 0 0 0 0 1 1 2 3 3 4 4 4 4 4 4 4 4 4 5 5 5 4 4 5 5 5 6 6 6 7 7 8 8 8 9 9 9 10 10 10 9 8 7 6 5 4 3 2 2 1 1 1 1 0 0 0 0 0 1 1
17 15 13 12 11 11 11 11 11 12 12 11 11 10 9 8 8 8 9 9 10 10 10 10 9 8 6 5 3 2 2 1 1 1 0 0 0 0 0 0 1 1 2 3 3 4 4 4 4 4 4 4 4 4 4 4 4 4 4 4 5 5 6 6 7 7 7 8 8 8 9 9 9 9 9 9 9 8 6 5 3 2 2 1 1 1 1 0 0 0 0 0 0 1 1 1
18 16 14 12 11 11 11 11 11 11 11 10 10 9 8 7 7 8 9 9 10 10 9 8 7 6 4 3 2 1 1 0 0 0 0 0 0 0 0 1 1 2 2 3 3 4 4 4 4 4 4 4 4 4 4 4 4 4 4 4 5 5 6 6 7 7 7 8 8 8 8 8 9 9 9 9 8 7 5 4 2 1 1 1 0 0 0 0 0 0 0 0 1 1 1 2
19 16 14 12 11 10 10 10 10 10 10 9 9 8 7 7 7 8 9 10 10 10 9 8 6 4 3 2 1 1 1 0 0 0 0 0 0 0 0 1 1 2 3 3 4 4 4 4 4 4 4 4 4 4 4 4 4 4 4 4 5 5 6 6 7 7 7 7 7 8 8 8 8 8 8 8 7 6 4 3 2 1 0 0 0 0 0 0 0 0 0 1 1 1 2 2
20 17 14 12 10 10 9 9 9 9 9 9 8 8 7 7 7 8 9 10 10 10 10 8 6 5 3 3 2 2 1 1 1 0 0 0 0 0 1 1 2 2 3 3 4 4 4 4 4 4 4 4 4 4 4 3 3 3 3 4 5 5 6 6 7 7 7 7 7 7 7 7 7 8 8 7 6 5 3 2 1 0 0 0 0 0 0 0 0 0 1 1 1 2 2 2
20 17 14 11 10 9 9 9 8 8 8 8 8 8 7 7 7 8 9 10 11 11 10 9 7 6 5 4 4 3 2 2 1 1 0 0 0 0 1 1 2 3 3 4 4 4 4 4 4 4 4 4 4 3 3 3 3 3 3 4 5 6 6 6 7 7 7 7 7 7 7 7 7 7 7 6 5 4 3 2 1 0 0 0 0 0 0 0 0 1 1 1 2 2 2 3
19 16 14 11 10 9 8 8 8 8 8 8 8 8 8 8 8 9 9 10 11 11 10 9 8 7 6 6 5 4 3 3 2 1 1 1 0 1 1 2 2 3 3 4 4 4 4 4 4 4 4 3 3 3 3 3 3 3 3 4 5 6 6 6 6 6 6 6 6 6 6 6 6 6 6 6 5 4 3 2 1 0 0 0 0 0 0 0 1 1 1 2 2 2 3 3
19 16 13 11 9 9 8 8 8 8 8 9 9 9 9 9 9 9 10 10 11 11 11 10 9 8 7 7 6 5 5 4 3 2 2 1 1 1 1 2 3 3 3 4 4 4 4 3 3 3 3 3 3 3 3 3 3 3 3 4 5 6 6 6 6 6 6 6 6 6 6 6 6 6 5 5 4 4 3 2 1 1 0 0 0 0 0 0 1 1 2 2 2 3 3 3
18 16 13 11 9 9 8 8 9 9 9 9 10 10 10 10 10 10 10 11 11 11 11 10 9 8 8 7 7 6 6 5 4 3 3 2 1 1 2 2 3 3 3 3 3 3 3 3 3 3 3 3 3 3 3 3 3 3 4 4 5 6 6 6 6 6 6 6 6 6 6 6 6 5 5 5 5 4 3 2 2 1 0 0 0 0 0 1 1 2 2 2 3 3 3 3
18 15 13 11 9 9 9 9 9 9 9 10 10 10 11 11 11 11 11 11 11 11 10 10 9 8 8 7 7 7 6 6 5 4 3 3 2 2 2 2 3 3 3 3 3 3 3 3 3 3 3 3 3 3 3 3 3 3 4 4 5 6 6 6 6 6 6 6 6 6 6 6 5 5 5 5 5 5 4 3 2 1 1 0 0 0 1 1 1 2 2 3 3 3 3 3
17 15 13 10 9 8 9 9 9 9 10 10 10 11 11 11 11 11 11 11 11 11 10 9 9 8 8 7 7 7 6 6 6 5 4 3 3 3 2 3 3 3 3 3 3 3 3 3 3 3 3 3 3 3 3 3 3 3 4 4 5 5 5 6 6 6 6 6 6 6 6 6 5 5 6 6 6 5 5 4 3 2 1 1 1 1 1 1 2 2 2 3 3 3 3 3
17 15 13 10 9 8 8 9 9 9 10 10 10 11 11 12 12 12 12 11 11 10 10 9 8 8 7 7 7 6 6 6 6 5 5 4 4 3 3 3 3 3 3 3 3 3 3 3 3 3 3 3 3 3 3 3 3 3 4 4 5 5 5 5 6 6 6 6 6 6 6 6 6 6 6 6 6 6 6 5 4 3 2 1 1 1 1 2 2 2 3 3 3 3 3 3
16 15 13 11 10 9 9 9 9 9 9 10 10 11 11 12 12 12 12 12 11 10 9 8 8 7 7 6 6 6 6 6 6 6 5 5 4 4 3 3 3 3 3 3 3 3 3 3 3 3 3 3 3 3 3 3 3 3 4 4 5 5 5 6 6 6 6 6 6 6 6 6 6 6 6 6 6 7 6 6 5 4 3 2 2 1 2 2 2 3 3 3 3 3 3 3
16 15 13 12 11 10 9 9 9 9 9 9 10 11 11 12 12 12 12 12 11 10 9 8 7 7 6 6 6 6 6 6 6 6 6 5 5 4 4 3 3 3 3 3 3 3 3 3 3 3 3 3 3 3 3 3 3 3 3 4 5 5 6 6 6 6 6 6 6 6 6 6 6 6 6 6 7 7 7 7 6 5 4 3 2 2 2 2 2 3 3 3 3 3 3 3
16 15 14 13 12 11 10 9 9 8 8 8 9 10 11 12 12 13 12 12 11 10 9 8 7 6 6 6 6 6 6 6 6 6 6 6 5 5 4 4 4 3 3 3 3 3 3 3 3 3 3 3 3 3 3 3 3 3 3 4 4 5 5 6 6 6 6 6 6 6 6 6 6 6 6 6 7 7 7 7 7 6 5 4 3 2 2 2 2 2 3 3 3 3 3 3
16 16 15 14 13 12 11 10 9 8 7 7 8 9 10 11 12 13 13 12 12 10 9 8 7 6 6 6 6 6 6 6 6 6 6 6 6 6 5 4 4 4 3 3 3 3 3 3 3 3 3 3 3 3 3 3 3 3 3 3 4 5 5 6 6 6 6 6 6 6 6 6 6 6 6 7 7 7 7 7 7 7 6 5 3 3 2 2 2 2 2 2 2 2 2 2
16 16 16 15 14 13 12 11 10 8 7 7 7 8 10 11 12 13 13 12 12 11 9 8 7 6 6 6 6 6 6 6 6 6 7 7 6 6 6 5 4 4 4 3 3 3 3 3 3 3 3 4 4 4 4 3 3 3 3 3 4 4 5 5 6 6 6 6 6 6 6 6 6 6 6 7 7 7 7 8 8 7 6 5 4 3 3 2 2 2 2 2 2 2 2 2
16 16 16 15 15 14 13 12 11 9 8 7 7 8 9 11 12 13 13 12 12 11 9 8 7 6 6 6 6 6 6 6 7 7 7 7 7 7 6 6 5 4 4 4 4 3 3 3 3 4 4 4 4 4 4 4 4 3 3 3 3 4 4 5 5 6 6 6 6 6 6 6 6 6 7 7 7 7 8 8 8 8 7 6 5 4 3 3 2 2 2 2 2 2 2 2
16 16 16 15 15 14 13 13 12 10 9 8 7 8 9 10 12 12 13 12 12 11 9 8 7 6 6 6 6 6 7 7 7 7 7 7 7 7 7 6 6 5 4 4 4 4 4 4 4 4 4 4 4 4 4 4 4 4 3 3 3 3 4 5 5 6 6 6 6 6 6 6 6 7 7 7 7 8 8 8 8 8 7 6 5 4 3 3 2 2 2 2 2 2 2 2
16 16 15 15 14 14 14 13 12 11 10 9 8 8 9 10 11 12 13 12 12 11 9 8 7 6 6 6 7 7 7 7 7 7 7 7 7 7 7 7 6 6 5 4 4 4 4 4 4 4 4 4 4 4 4 4 4 4 3 3 3 3 3 4 5 5 5 5 6 6 6 6 6 7 7 7 7 8 8 9 9 9 8 7 5 4 3 3 2 2 2 2 2 2 2 2
15 15 15 15 14 14 14 13 13 12 11 10 9 9 10 10 11 12 12 12 11 11 9 8 7 7 7 7 7 8 8 8 7 7 7 8 8 8 7 7 7 6 5 5 4 4 4 4 4 4 4 4 4 5 5 5 5 4 4 3 3 3 3 4 4 5 5 5 6 6 6 6 6 7 7 7 8 8 9 9 9 9 8 7 6 4 3 3 3 2 2 2 2 2 2 2
14 14 14 14 14 14 13 13 13 12 12 11 10 10 10 11 11 12 12 12 11 10 10 9 8 8 8 9 9 9 9 9 8 8 8 8 8 8 8 7 7 6 6 5 4 4 4 4 4 4 4 4 4 5 5 5 5 5 4 3 3 3 3 3 4 5 5 5 6 6 6 6 6 7 7 7 8 9 9 9 10 9 9 7 6 4 3 3 3 2 2 2 2 2 2 2
12 13 14 14 13 13 13 13 13 12 12 12 11 11 11 11 11 11 11 11 11 10 10 9 9 10 11 11 12 12 11 11 10 9 9 8 8 8 8 8 7 7 6 5 4 4 4 4 4 4 4 4 5 5 5 5 5 5 5 4 3 3 3 3 4 4 5 5 5 5 6 6 6 6 7 8 9 9 10 10 10 10 9 7 6 4 3 3 3 2 2 2 2 2 2 2
11 12 13 13 13 13 13 13 13 12 12 12 12 12 11 11 11 11 11 11 10 10 10 10 11 12 13 14 15 15 14 14 12 11 10 9 9 8 8 8 8 7 6 5 4 4 4 4 4 4 4 5 5 5 5 5 5 5 5 4 4 4 3 4 4 4 4 5 5 5 5 5 5 6 7 8 9 10 10 11 11 10 9 7 6 4 3 3 2 2 2 2 2 2 2 2
