inputs/slope_proc.asc
ncols         404
nrows         404
xllcorner     4681261.0
yllcorner     2523693.0
cellsize      1.0
NODATA_value  -9999
[rows 70 to 104 of 404, columns 79 to 157 of 404]
36.00 35.00 35.00 35.00 35.00 35.00 35.00 35.00 35.00 35.00 35.00 35.00 35.00 34.00 34.00 34.00 34.00 33.00 33.00 32.00 31.00 29.00 28.00 26.00 25.00 23.00 22.00 20.00 19.00 18.00 17.00 16.00 15.00 15.00 15.00 16.00 16.00 17.00 19.00 21.00 24.00 28.00 32.00 35.00 37.00 38.00 38.00 38.00 37.00 36.00 35.00 34.00 34.00 34.00 34.00 35.00 35.00 35.00 35.00 35.00 36.00 36.00 36.00 36.00 36.00 35.00 34.00 33.00 32.00 33.00 33.00 34.00 34.00 34.00 34.00 34.00 34.00 34.00 34.00
35.00 35.00 34.00 34.00 34.00 34.00 34.00 34.00 34.00 34.00 34.00 34.00 34.00 34.00 34.00 34.00 33.00 33.00 33.00 33.00 32.00 31.00 30.00 29.00 27.00 26.00 25.00 23.00 22.00 21.00 20.00 19.00 19.00 19.00 19.00 19.00 20.00 21.00 22.00 24.00 27.00 30.00 34.00 36.00 38.00 39.00 39.00 38.00 37.00 36.00 35.00 34.00 33.00 33.00 33.00 33.00 34.00 34.00 35.00 35.00 35.00 35.00 36.00 36.00 36.00 36.00 35.00 34.00 34.00 34.00 34.00 34.00 34.00 34.00 34.00 34.00 34.00 34.00 34.00
34.00 34.00 34.00 33.00 33.00 33.00 33.00 33.00 33.00 33.00 34.00 34.00 34.00 34.00 33.00 33.00 33.00 33.00 33.00 33.00 33.00 32.00 31.00 30.00 29.00 28.00 27.00 26.00 25.00 24.00 23.00 22.00 22.00 22.00 23.00 23.00 24.00 25.00 26.00 27.00 29.00 32.00 35.00 37.00 38.00 39.00 39.00 39.00 38.00 36.00 34.00 33.00 32.00 31.00 31.00 32.00 32.00 33.00 34.00 35.00 35.00 35.00 36.00 37.00 37.00 36.00 36.00 36.00 35.00 35.00 35.00 35.00 35.00 34.00 34.00 34.00 34.00 33.00 33.00
34.00 33.00 33.00 33.00 33.00 32.00 32.00 33.00 33.00 33.00 34.00 34.00 34.00 34.00 33.00 33.00 33.00 33.00 33.00 33.00 33.00 32.00 32.00 31.00 30.00 29.00 29.00 28.00 27.00 26.00 25.00 25.00 25.00 25.00 26.00 26.00 27.00 27.00 28.00 28.00 30.00 32.00 34.00 36.00 38.00 39.00 39.00 39.00 37.00 35.00 33.00 31.00 29.00 29.00 29.00 30.00 31.00 33.00 34.00 35.00 35.00 36.00 36.00 37.00 37.00 37.00 37.00 36.00 36.00 35.00 35.00 35.00 35.00 34.00 34.00 34.00 33.00 33.00 33.00
33.00 33.00 33.00 32.00 32.00 32.00 32.00 33.00 33.00 33.00 34.00 34.00 34.00 34.00 33.00 33.00 33.00 33.00 33.00 33.00 32.00 32.00 31.00 31.00 30.00 30.00 29.00 28.00 28.00 27.00 27.00 26.00 27.00 27.00 28.00 28.00 28.00 28.00 28.00 29.00 29.00 31.00 33.00 36.00 37.00 38.00 39.00 38.00 37.00 34.00 31.00 29.00 27.00 27.00 27.00 29.00 31.00 33.00 34.00 35.00 36.00 36.00 37.00 37.00 37.00 37.00 37.00 37.00 36.00 36.00 35.00 35.00 35.00 34.00 34.00 34.00 33.00 33.00 33.00
32.00 32.00 32.00 32.00 32.00 32.00 32.00 33.00 33.00 34.00 34.00 34.00 34.00 34.00 33.00 33.00 33.00 32.00 32.00 32.00 32.00 31.00 31.00 30.00 30.00 29.00 28.00 28.00 27.00 27.00 26.00 26.00 27.00 27.00 28.00 28.00 28.00 28.00 28.00 28.00 29.00 30.00 32.00 35.00 37.00 38.00 38.00 37.00 35.00 32.00 29.00 26.00 25.00 24.00 26.00 28.00 31.00 33.00 35.00 36.00 36.00 37.00 37.00 38.00 38.00 38.00 38.00 37.00 37.00 36.00 36.00 35.00 35.00 34.00 34.00 33.00 33.00 32.00 32.00
32.00 32.00 32.00 32.00 32.00 32.00 32.00 33.00 33.00 34.00 34.00 34.00 34.00 34.00 33.00 33.00 33.00 32.00 32.00 32.00 31.00 31.00 30.00 29.00 29.00 28.00 27.00 27.00 26.00 25.00 25.00 25.00 26.00 26.00 27.00 27.00 27.00 27.00 27.00 27.00 27.00 29.00 31.00 34.00 36.00 37.00 37.00 36.00 34.00 30.00 27.00 24.00 22.00 23.00 25.00 28.00 31.00 34.00 35.00 36.00 37.00 37.00 38.00 38.00 38.00 38.00 38.00 37.00 37.00 36.00 36.00 35.00 34.00 34.00 33.00 33.00 32.00 32.00 32.00
31.00 31.00 31.00 31.00 31.00 31.00 32.00 32.00 33.00 33.00 33.00 33.00 33.00 33.00 33.00 33.00 32.00 32.00 32.00 31.00 31.00 30.00 29.00 29.00 28.00 27.00 26.00 25.00 24.00 23.00 23.00 23.00 23.00 23.00 24.00 24.00 25.00 25.00 25.00 26.00 26.00 28.00 30.00 33.00 35.00 36.00 36.00 35.00 32.00 28.00 25.00 22.00 21.00 22.00 25.00 28.00 32.00 35.00 37.00 38.00 38.00 38.00 39.00 39.00 39.00 38.00 38.00 38.00 37.00 36.00 36.00 35.00 34.00 34.00 33.00 32.00 32.00 32.00 31.00
30.00 30.00 30.00 30.00 30.00 30.00 31.00 31.00 32.00 32.00 32.00 32.00 32.00 32.00 32.00 32.00 32.00 31.00 31.00 31.00 30.00 29.00 29.00 28.00 27.00 25.00 24.00 23.00 21.00 20.00 20.00 19.00 20.00 20.00 21.00 21.00 22.00 22.00 23.00 24.00 25.00 27.00 29.00 32.00 34.00 35.00 35.00 33.00 30.00 26.00 23.00 21.00 20.00 22.00 25.00 29.00 33.00 36.00 38.00 39.00 39.00 39.00 39.00 39.00 39.00 39.00 38.00 38.00 37.00 36.00 35.00 35.00 34.00 33.00 33.00 32.00 31.00 31.00 31.00
29.00 29.00 29.00 29.00 29.00 29.00 29.00 30.00 30.00 30.00 30.00 30.00 30.00 31.00 31.00 31.00 31.00 31.00 30.00 30.00 30.00 29.00 28.00 27.00 26.00 24.00 23.00 21.00 19.00 17.00 16.00 16.00 16.00 17.00 17.00 18.00 18.00 19.00 21.00 22.00 24.00 26.00 28.00 31.00 32.00 33.00 33.00 31.00 28.00 25.00 22.00 21.00 21.00 23.00 27.00 31.00 35.00 38.00 39.00 40.00 40.00 40.00 40.00 39.00 39.00 39.00 38.00 38.00 37.00 36.00 35.00 34.00 33.00 33.00 32.00 32.00 31.00 31.00 31.00
28.00 28.00 28.00 28.00 28.00 28.00 28.00 28.00 28.00 28.00 28.00 28.00 29.00 29.00 29.00 30.00 30.00 30.00 30.00 30.00 29.00 29.00 28.00 27.00 25.00 24.00 22.00 19.00 17.00 15.00 14.00 13.00 14.00 14.00 14.00 15.00 16.00 17.00 19.00 21.00 23.00 25.00 28.00 30.00 31.00 31.00 31.00 29.00 27.00 24.00 22.00 21.00 22.00 25.00 29.00 33.00 36.00 39.00 40.00 40.00 40.00 40.00 40.00 40.00 39.00 39.00 38.00 38.00 37.00 36.00 35.00 34.00 33.00 32.00 32.00 31.00 31.00 31.00 31.00
26.00 26.00 27.00 27.00 26.00 26.00 26.00 26.00 26.00 26.00 26.00 26.00 27.00 27.00 28.00 29.00 29.00 29.00 30.00 30.00 29.00 29.00 28.00 27.00 26.00 24.00 21.00 19.00 16.00 13.00 12.00 12.00 12.00 12.00 12.00 13.00 14.00 16.00 18.00 20.00 22.00 24.00 27.00 29.00 30.00 30.00 29.00 28.00 26.00 24.00 22.00 22.00 24.00 27.00 31.00 35.00 38.00 40.00 41.00 41.00 41.00 40.00 40.00 40.00 39.00 39.00 38.00 37.00 36.00 35.00 34.00 33.00 32.00 32.00 31.00 31.00 30.00 30.00 30.00
24.00 24.00 25.00 25.00 25.00 25.00 25.00 25.00 24.00 24.00 24.00 24.00 25.00 26.00 27.00 28.00 28.00 29.00 29.00 29.00 29.00 29.00 29.00 28.00 26.00 24.00 22.00 18.00 15.00 12.00 11.00 10.00 10.00 11.00 11.00 12.00 13.00 15.00 18.00 20.00 22.00 24.00 26.00 28.00 29.00 29.00 29.00 28.00 26.00 24.00 24.00 24.00 26.00 29.00 33.00 36.00 39.00 40.00 41.00 41.00 41.00 40.00 40.00 39.00 39.00 38.00 38.00 37.00 36.00 35.00 34.00 33.00 32.00 31.00 31.00 30.00 30.00 30.00 30.00
22.00 22.00 23.00 24.00 24.00 24.00 24.00 24.00 24.00 23.00 23.00 23.00 24.00 24.00 26.00 27.00 28.00 29.00 29.00 30.00 30.00 30.00 29.00 29.00 27.00 25.00 22.00 19.00 15.00 12.00 10.00 10.00 10.00 10.00 10.00 11.00 13.00 15.00 18.00 20.00 22.00 24.00 26.00 27.00 28.00 29.00 29.00 28.00 27.00 26.00 25.00 26.00 28.00 31.00 34.00 37.00 39.00 41.00 41.00 41.00 41.00 40.00 40.00 39.00 39.00 38.00 37.00 37.00 36.00 35.00 33.00 32.00 31.00 31.00 30.00 30.00 30.00 30.00 30.00
20.00 21.00 22.00 23.00 24.00 24.00 24.00 24.00 23.00 23.00 23.00 23.00 23.00 24.00 25.00 26.00 28.00 29.00 30.00 30.00 30.00 31.00 31.00 30.00 29.00 26.00 23.00 19.00 15.00 12.00 10.00 10.00 10.00 10.00 10.00 11.00 13.00 15.00 18.00 20.00 23.00 24.00 26.00 27.00 28.00 29.00 29.00 28.00 27.00 26.00 26.00 27.00 29.00 32.00 35.00 38.00 40.00 41.00 41.00 41.00 41.00 40.00 40.00 39.00 38.00 38.00 37.00 36.00 35.00 34.00 33.00 32.00 31.00 30.00 30.00 30.00 30.00 30.00 30.00
19.00 20.00 21.00 23.00 23.00 24.00 24.00 24.00 24.00 24.00 23.00 23.00 23.00 24.00 25.00 26.00 27.00 29.00 30.00 31.00 31.00 32.00 32.00 31.00 30.00 28.00 25.00 20.00 16.00 13.00 11.00 10.00 10.00 10.00 11.00 11.00 13.00 15.00 18.00 21.00 23.00 25.00 27.00 28.00 28.00 29.00 29.00 29.00 28.00 27.00 26.00 27.00 29.00 32.00 36.00 38.00 40.00 41.00 42.00 41.00 41.00 40.00 39.00 39.00 38.00 37.00 37.00 36.00 35.00 34.00 33.00 32.00 31.00 30.00 30.00 29.00 29.00 29.00 30.00
19.00 20.00 21.00 23.00 23.00 24.00 25.00 25.00 25.00 25.00 24.00 24.00 24.00 24.00 25.00 26.00 27.00 29.00 30.00 31.00 32.00 33.00 33.00 33.00 32.00 30.00 26.00 22.00 17.00 13.00 11.00 11.00 11.00 11.00 11.00 12.00 13.00 15.00 18.00 21.00 23.00 25.00 27.00 28.00 29.00 29.00 29.00 29.00 27.00 26.00 26.00 27.00 29.00 32.00 36.00 39.00 41.00 42.00 42.00 42.00 41.00 40.00 39.00 39.00 38.00 37.00 36.00 36.00 35.00 34.00 33.00 32.00 31.00 30.00 29.00 29.00 29.00 29.00 30.00
21.00 21.00 22.00 23.00 24.00 25.00 25.00 26.00 26.00 26.00 26.00 25.00 25.00 25.00 25.00 26.00 27.00 29.00 31.00 32.00 33.00 34.00 34.00 34.00 33.00 31.00 28.00 23.00 18.00 14.00 12.00 12.00 12.00 12.00 12.00 12.00 13.00 16.00 18.00 21.00 24.00 26.00 27.00 28.00 29.00 29.00 29.00 28.00 27.00 26.00 25.00 26.00 29.00 33.00 37.00 40.00 42.00 43.00 43.00 42.00 41.00 40.00 39.00 38.00 37.00 37.00 36.00 35.00 34.00 33.00 33.00 32.00 31.00 30.00 29.00 29.00 29.00 29.00 29.00
22.00 23.00 23.00 24.00 24.00 25.00 26.00 26.00 26.00 26.00 27.00 26.00 26.00 26.00 26.00 26.00 27.00 29.00 31.00 32.00 33.00 34.00 35.00 35.00 35.00 33.00 30.00 25.00 20.00 16.00 13.00 13.00 13.00 13.00 13.00 13.00 14.00 16.00 19.00 22.00 24.00 26.00 28.00 29.00 29.00 29.00 29.00 28.00 27.00 25.00 25.00 27.00 30.00 35.00 39.00 42.00 44.00 44.00 44.00 43.00 42.00 40.00 39.00 38.00 37.00 36.00 36.00 35.00 34.00 33.00 32.00 31.00 30.00 29.00 29.00 28.00 29.00 29.00 29.00
24.00 24.00 24.00 25.00 25.00 25.00 26.00 26.00 26.00 27.00 27.00 27.00 27.00 26.00 26.00 26.00 27.00 28.00 30.00 32.00 34.00 35.00 36.00 36.00 36.00 34.00 31.00 27.00 22.00 18.00 15.00 14.00 14.00 14.00 14.00 15.00 16.00 17.00 20.00 22.00 24.00 26.00 28.00 28.00 29.00 29.00 29.00 28.00 27.00 26.00 26.00 28.00 32.00 37.00 41.00 44.00 45.00 45.00 45.00 44.00 42.00 40.00 39.00 38.00 37.00 36.00 35.00 35.00 34.00 33.00 32.00 31.00 30.00 29.00 29.00 28.00 28.00 29.00 29.00
25.00 25.00 25.00 25.00 25.00 25.00 25.00 25.00 26.00 26.00 27.00 27.00 27.00 26.00 26.00 26.00 27.00 28.00 30.00 32.00 33.00 35.00 36.00 36.00 36.00 35.00 33.00 29.00 24.00 20.00 17.00 16.00 16.00 16.00 16.00 17.00 18.00 19.00 21.00 23.00 25.00 26.00 27.00 28.00 29.00 29.00 29.00 28.00 27.00 27.00 28.00 31.00 35.00 39.00 43.00 46.00 47.00 47.00 46.00 44.00 42.00 40.00 39.00 37.00 36.00 35.00 35.00 34.00 33.00 33.00 32.00 31.00 30.00 29.00 29.00 28.00 28.00 28.00 29.00
26.00 25.00 26.00 26.00 26.00 25.00 25.00 25.00 25.00 26.00 26.00 27.00 27.00 26.00 26.00 26.00 26.00 28.00 30.00 32.00 33.00 35.00 36.00 37.00 37.00 36.00 34.00 31.00 26.00 22.00 19.00 18.00 18.00 18.00 18.00 19.00 20.00 21.00 22.00 24.00 25.00 26.00 27.00 28.00 29.00 29.00 30.00 30.00 29.00 29.00 31.00 34.00 38.00 42.00 45.00 47.00 48.00 47.00 46.00 45.00 42.00 40.00 37.00 36.00 35.00 34.00 34.00 33.00 33.00 32.00 32.00 31.00 30.00 29.00 29.00 28.00 28.00 28.00 28.00
26.00 26.00 26.00 26.00 26.00 25.00 25.00 25.00 25.00 25.00 26.00 26.00 27.00 26.00 26.00 26.00 27.00 28.00 30.00 31.00 33.00 35.00 36.00 37.00 37.00 37.00 35.00 32.00 29.00 25.00 22.00 21.00 20.00 20.00 20.00 21.00 22.00 23.00 24.00 24.00 25.00 26.00 27.00 28.00 29.00 31.00 31.00 32.00 32.00 33.00 34.00 37.00 41.00 44.00 46.00 48.00 48.00 47.00 46.00 44.00 41.00 38.00 36.00 34.00 33.00 33.00 33.00 33.00 32.00 32.00 31.00 31.00 30.00 29.00 28.00 28.00 28.00 28.00 27.00
26.00 26.00 26.00 26.00 25.00 25.00 24.00 24.00 24.00 25.00 25.00 26.00 26.00 26.00 26.00 26.00 27.00 28.00 30.00 31.00 33.00 34.00 36.00 37.00 37.00 37.00 36.00 34.00 31.00 28.00 25.00 23.00 23.00 22.00 22.00 23.00 23.00 24.00 25.00 25.00 26.00 26.00 27.00 29.00 31.00 32.00 33.00 34.00 35.00 36.00 37.00 40.00 42.00 45.00 47.00 48.00 48.00 47.00 45.00 42.00 39.00 36.00 33.00 32.00 32.00 32.00 32.00 32.00 32.00 32.00 31.00 30.00 30.00 29.00 28.00 28.00 27.00 27.00 27.00
25.00 25.00 25.00 25.00 24.00 24.00 23.00 23.00 24.00 24.00 25.00 25.00 26.00 26.00 26.00 27.00 27.00 28.00 30.00 31.00 33.00 34.00 36.00 36.00 37.00 37.00 36.00 35.00 33.00 30.00 28.00 26.00 25.00 24.00 24.00 24.00 24.00 25.00 25.00 26.00 27.00 28.00 29.00 31.00 33.00 34.00 36.00 37.00 37.00 38.00 39.00 41.00 43.00 45.00 46.00 47.00 47.00 45.00 43.00 40.00 36.00 33.00 31.00 30.00 31.00 31.00 32.00 32.00 31.00 31.00 31.00 30.00 29.00 28.00 28.00 27.00 27.00 26.00 26.00
25.00 25.00 24.00 24.00 23.00 23.00 22.00 22.00 23.00 24.00 24.00 25.00 25.00 26.00 26.00 27.00 28.00 29.00 30.00 31.00 33.00 34.00 35.00 36.00 37.00 37.00 36.00 35.00 34.00 32.00 29.00 27.00 26.00 25.00 24.00 24.00 24.00 25.00 26.00 27.00 28.00 29.00 31.00 33.00 35.00 37.00 38.00 39.00 39.00 40.00 41.00 42.00 43.00 44.00 45.00 46.00 45.00 44.00 41.00 38.00 34.00 31.00 30.00 30.00 30.00 31.00 31.00 31.00 31.00 31.00 30.00 30.00 29.00 28.00 27.00 27.00 26.00 25.00 25.00
25.00 24.00 24.00 23.00 22.00 22.00 21.00 22.00 22.00 23.00 24.00 24.00 25.00 26.00 26.00 27.00 28.00 29.00 30.00 31.00 33.00 34.00 35.00 36.00 36.00 36.00 36.00 35.00 34.00 32.00 30.00 28.00 26.00 25.00 24.00 24.00 24.00 25.00 26.00 27.00 29.00 31.00 33.00 36.00 37.00 39.00 39.00 40.00 40.00 40.00 41.00 42.00 43.00 43.00 44.00 44.00 43.00 42.00 39.00 36.00 33.00 31.00 30.00 30.00 30.00 31.00 31.00 31.00 31.00 31.00 30.00 30.00 29.00 28.00 27.00 26.00 25.00 25.00 24.00
25.00 24.00 24.00 23.00 22.00 21.00 21.00 21.00 22.00 22.00 23.00 24.00 25.00 25.00 26.00 27.00 28.00 29.00 30.00 31.00 32.00 34.00 35.00 35.00 36.00 36.00 36.00 35.00 34.00 32.00 30.00 27.00 25.00 24.00 23.00 23.00 24.00 25.00 27.00 29.00 31.00 33.00 35.00 37.00 39.00 39.00 40.00 40.00 40.00 40.00 41.00 41.00 42.00 42.00 42.00 42.00 41.00 40.00 38.00 35.00 32.00 31.00 30.00 30.00 31.00 31.00 31.00 31.00 31.00 31.00 30.00 29.00 28.00 27.00 26.00 26.00 25.00 24.00 23.00
25.00 24.00 23.00 23.00 22.00 21.00 21.00 21.00 21.00 22.00 23.00 24.00 24.00 25.00 26.00 27.00 27.00 29.00 30.00 31.00 32.00 33.00 34.00 35.00 35.00 35.00 35.00 35.00 33.00 32.00 29.00 27.00 24.00 23.00 22.00 23.00 24.00 25.00 28.00 30.00 33.00 35.00 37.00 38.00 39.00 40.00 40.00 40.00 39.00 40.00 40.00 40.00 41.00 41.00 41.00 41.00 40.00 38.00 36.00 34.00 32.00 31.00 30.00 31.00 31.00 31.00 31.00 31.00 31.00 31.00 30.00 29.00 28.00 27.00 26.00 25.00 24.00 23.00 22.00
25.00 24.00 24.00 23.00 22.00 21.00 21.00 21.00 22.00 22.00 23.00 24.00 24.00 25.00 26.00 26.00 27.00 28.00 29.00 30.00 31.00 32.00 33.00 34.00 34.00 34.00 34.00 34.00 33.00 31.00 29.00 27.00 24.00 23.00 23.00 23.00 25.00 27.00 30.00 32.00 35.00 37.00 38.00 39.00 39.00 39.00 39.00 39.00 39.00 39.00 39.00 39.00 39.00 40.00 40.00 39.00 38.00 37.00 35.00 33.00 32.00 31.00 31.00 31.00 31.00 31.00 32.00 31.00 31.00 30.00 30.00 29.00 27.00 26.00 25.00 24.00 23.00 22.00 21.00
25.00 25.00 24.00 24.00 23.00 22.00 22.00 22.00 22.00 23.00 23.00 24.00 24.00 25.00 26.00 26.00 27.00 28.00 29.00 30.00 31.00 31.00 32.00 32.00 33.00 33.00 34.00 34.00 33.00 32.00 30.00 28.00 26.00 25.00 25.00 26.00 28.00 30.00 33.00 35.00 37.00 38.00 39.00 39.00 39.00 39.00 38.00 38.00 38.00 38.00 38.00 38.00 38.00 39.00 39.00 38.00 37.00 36.00 34.00 33.00 32.00 31.00 31.00 32.00 32.00 32.00 32.00 31.00 31.00 30.00 29.00 28.00 27.00 25.00 24.00 23.00 22.00 21.00 20.00
26.00 25.00 25.00 24.00 23.00 23.00 22.00 22.00 22.00 23.00 23.00 24.00 24.00 25.00 26.00 26.00 27.00 28.00 29.00 29.00 30.00 30.00 31.00 31.00 32.00 32.00 33.00 34.00 34.00 33.00 32.00 31.00 29.00 28.00 29.00 30.00 32.00 34.00 36.00 38.00 39.00 39.00 39.00 39.00 39.00 38.00 37.00 37.00 37.00 37.00 37.00 37.00 37.00 37.00 37.00 37.00 36.00 34.00 33.00 32.00 32.00 32.00 32.00 32.00 32.00 32.00 32.00 31.00 31.00 30.00 29.00 27.00 26.00 24.00 23.00 22.00 21.00 20.00 19.00
26.00 25.00 25.00 24.00 24.00 23.00 23.00 22.00 23.00 23.00 23.00 24.00 24.00 25.00 26.00 26.00 27.00 28.00 29.00 29.00 29.00 29.00 29.00 30.00 30.00 31.00 33.00 34.00 35.00 35.00 35.00 34.00 34.00 33.00 34.00 35.00 36.00 38.00 39.00 40.00 40.00 40.00 39.00 39.00 38.00 37.00 37.00 36.00 36.00 36.00 36.00 36.00 36.00 36.00 36.00 35.00 34.00 33.00 32.00 32.00 32.00 32.00 32.00 32.00 32.00 32.00 32.00 31.00 30.00 29.00 28.00 26.00 25.00 23.00 22.00 21.00 20.00 20.00 19.00
26.00 25.00 25.00 25.00 24.00 23.00 22.00 22.00 22.00 23.00 23.00 24.00 24.00 25.00 26.00 26.00 27.00 28.00 29.00 29.00 29.00 29.00 28.00 28.00 29.00 30.00 32.00 34.00 36.00 37.00 37.00 38.00 38.00 38.00 38.00 39.00 40.00 41.00 41.00 41.00 41.00 40.00 39.00 39.00 38.00 37.00 36.00 36.00 35.00 35.00 35.00 34.00 34.00 34.00 34.00 34.00 33.00 33.00 32.00 32.00 32.00 33.00 33.00 33.00 32.00 32.00 32.00 31.00 30.00 28.00 27.00 25.00 24.00 22.00 21.00 21.00 20.00 19.00 18.00
26.00 26.00 25.00 25.00 24.00 23.00 22.00 22.00 22.00 23.00 23.00 24.00 24.00 25.00 26.00 27.00 28.00 29.00 29.00 29.00 29.00 28.00 28.00 27.00 28.00 30.00 32.00 34.00 36.00 38.00 39.00 40.00 41.00 41.00 42.00 42.00 42.00 42.00 42.00 41.00 41.00 40.00 39.00 38.00 37.00 37.00 36.00 36.00 35.00 34.00 33.00 33.00 32.00 32.00 33.00 33.00 33.00 32.00 32.00 33.00 33.00 33.00 33.00 33.00 33.00 32.00 32.00 31.00 29.00 27.00 26.00 24.00 23.00 22.00 21.00 20.00 19.00 18.00 17.00
